/*--------------------------------*- C++ -*----------------------------------*\
  =========                 |
  \\      /  F ield         | OpenFOAM: The Open Source CFD Toolbox
   \\    /   O peration     | Website:  https://openfoam.org
    \\  /    A nd           | Version:  14
     \\/     M anipulation  |
\*---------------------------------------------------------------------------*/
FoamFile
{
    format      ascii;
    class       vectorField;
    location    "constant/polyMesh";
    object      points;
}
// * * * * * * * * * * * * * * * * * * * * * * * * * * * * * * * * * * * * * //


1845
(
(0 0 0)
(0.0151441243193887 0 0)
(0.0302882486387773 0 0)
(0.045432372958166 0 0)
(0.0605764972775546 0 0)
(0.0757206215969433 0 0)
(0.0908647459163319 0 0)
(0.106008870235721 0 0)
(0.121152994555109 0 0)
(0.136297118874498 0 0)
(0.151441243193887 0 0)
(0.166585367513275 0 0)
(0.181729491832664 0 0)
(0.196873616152052 0 0)
(0.212017740471441 0 0)
(0.22716186479083 0 0)
(0.242305989110218 0 0)
(0.257450113429607 0 0)
(0.272594237748996 0 0)
(0.287738362068384 0 0)
(0.302882486387773 0 0)
(0.318026610707162 0 0)
(0.33317073502655 0 0)
(0.348314859345939 0 0)
(0.363458983665328 0 0)
(0.378603107984716 0 0)
(0.393747232304105 0 0)
(0.408891356623494 0 0)
(0.424035480942882 0 0)
(0.439179605262271 0 0)
(0.45432372958166 0 0)
(0.469467853901048 0 0)
(0.484611978220437 0 0)
(0.499756102539825 0 0)
(0.514900226859214 0 0)
(0.530044351178603 0 0)
(0.545188475497992 0 0)
(0.56033259981738 0 0)
(0.575476724136769 0 0)
(0.590620848456157 0 0)
(0.605764972775546 0 0)
(0 0.001 0)
(0.0151441243193887 0.001 0)
(0.0302882486387773 0.001 0)
(0.045432372958166 0.001 0)
(0.0605764972775546 0.001 0)
(0.0757206215969433 0.001 0)
(0.0908647459163319 0.001 0)
(0.106008870235721 0.001 0)
(0.121152994555109 0.001 0)
(0.136297118874498 0.001 0)
(0.151441243193887 0.001 0)
(0.166585367513275 0.001 0)
(0.181729491832664 0.001 0)
(0.196873616152052 0.001 0)
(0.212017740471441 0.001 0)
(0.22716186479083 0.001 0)
(0.242305989110218 0.001 0)
(0.257450113429607 0.001 0)
(0.272594237748996 0.001 0)
(0.287738362068384 0.001 0)
(0.302882486387773 0.001 0)
(0.318026610707162 0.001 0)
(0.33317073502655 0.001 0)
(0.348314859345939 0.001 0)
(0.363458983665328 0.001 0)
(0.378603107984716 0.001 0)
(0.393747232304105 0.001 0)
(0.408891356623494 0.001 0)
(0.424035480942882 0.001 0)
(0.439179605262271 0.001 0)
(0.45432372958166 0.001 0)
(0.469467853901048 0.001 0)
(0.484611978220437 0.001 0)
(0.499756102539825 0.001 0)
(0.514900226859214 0.001 0)
(0.530044351178603 0.001 0)
(0.545188475497992 0.001 0)
(0.56033259981738 0.001 0)
(0.575476724136769 0.001 0)
(0.590620848456157 0.001 0)
(0.605764972775546 0.001 0)
(0 0.002 0)
(0.0151441243193887 0.002 0)
(0.0302882486387773 0.002 0)
(0.045432372958166 0.002 0)
(0.0605764972775546 0.002 0)
(0.0757206215969433 0.002 0)
(0.0908647459163319 0.002 0)
(0.106008870235721 0.002 0)
(0.121152994555109 0.002 0)
(0.136297118874498 0.002 0)
(0.151441243193887 0.002 0)
(0.166585367513275 0.002 0)
(0.181729491832664 0.002 0)
(0.196873616152052 0.002 0)
(0.212017740471441 0.002 0)
(0.22716186479083 0.002 0)
(0.242305989110218 0.002 0)
(0.257450113429607 0.002 0)
(0.272594237748996 0.002 0)
(0.287738362068384 0.002 0)
(0.302882486387773 0.002 0)
(0.318026610707162 0.002 0)
(0.33317073502655 0.002 0)
(0.348314859345939 0.002 0)
(0.363458983665328 0.002 0)
(0.378603107984716 0.002 0)
(0.393747232304105 0.002 0)
(0.408891356623494 0.002 0)
(0.424035480942882 0.002 0)
(0.439179605262271 0.002 0)
(0.45432372958166 0.002 0)
(0.469467853901048 0.002 0)
(0.484611978220437 0.002 0)
(0.499756102539825 0.002 0)
(0.514900226859214 0.002 0)
(0.530044351178603 0.002 0)
(0.545188475497992 0.002 0)
(0.56033259981738 0.002 0)
(0.575476724136769 0.002 0)
(0.590620848456157 0.002 0)
(0.605764972775546 0.002 0)
(0 0.003 0)
(0.0151441243193887 0.003 0)
(0.0302882486387773 0.003 0)
(0.045432372958166 0.003 0)
(0.0605764972775546 0.003 0)
(0.0757206215969433 0.003 0)
(0.0908647459163319 0.003 0)
(0.106008870235721 0.003 0)
(0.121152994555109 0.003 0)
(0.136297118874498 0.003 0)
(0.151441243193887 0.003 0)
(0.166585367513275 0.003 0)
(0.181729491832664 0.003 0)
(0.196873616152052 0.003 0)
(0.212017740471441 0.003 0)
(0.22716186479083 0.003 0)
(0.242305989110218 0.003 0)
(0.257450113429607 0.003 0)
(0.272594237748996 0.003 0)
(0.287738362068384 0.003 0)
(0.302882486387773 0.003 0)
(0.318026610707162 0.003 0)
(0.33317073502655 0.003 0)
(0.348314859345939 0.003 0)
(0.363458983665328 0.003 0)
(0.378603107984716 0.003 0)
(0.393747232304105 0.003 0)
(0.408891356623494 0.003 0)
(0.424035480942882 0.003 0)
(0.439179605262271 0.003 0)
(0.45432372958166 0.003 0)
(0.469467853901048 0.003 0)
(0.484611978220437 0.003 0)
(0.499756102539825 0.003 0)
(0.514900226859214 0.003 0)
(0.530044351178603 0.003 0)
(0.545188475497992 0.003 0)
(0.56033259981738 0.003 0)
(0.575476724136769 0.003 0)
(0.590620848456157 0.003 0)
(0.605764972775546 0.003 0)
(0 0.004 0)
(0.0151441243193887 0.004 0)
(0.0302882486387773 0.004 0)
(0.045432372958166 0.004 0)
(0.0605764972775546 0.004 0)
(0.0757206215969433 0.004 0)
(0.0908647459163319 0.004 0)
(0.106008870235721 0.004 0)
(0.121152994555109 0.004 0)
(0.136297118874498 0.004 0)
(0.151441243193887 0.004 0)
(0.166585367513275 0.004 0)
(0.181729491832664 0.004 0)
(0.196873616152052 0.004 0)
(0.212017740471441 0.004 0)
(0.22716186479083 0.004 0)
(0.242305989110218 0.004 0)
(0.257450113429607 0.004 0)
(0.272594237748996 0.004 0)
(0.287738362068384 0.004 0)
(0.302882486387773 0.004 0)
(0.318026610707162 0.004 0)
(0.33317073502655 0.004 0)
(0.348314859345939 0.004 0)
(0.363458983665328 0.004 0)
(0.378603107984716 0.004 0)
(0.393747232304105 0.004 0)
(0.408891356623494 0.004 0)
(0.424035480942882 0.004 0)
(0.439179605262271 0.004 0)
(0.45432372958166 0.004 0)
(0.469467853901048 0.004 0)
(0.484611978220437 0.004 0)
(0.499756102539826 0.004 0)
(0.514900226859214 0.004 0)
(0.530044351178603 0.004 0)
(0.545188475497992 0.004 0)
(0.56033259981738 0.004 0)
(0.575476724136769 0.004 0)
(0.590620848456157 0.004 0)
(0.605764972775546 0.004 0)
(0 0.005 0)
(0.0151441243193887 0.005 0)
(0.0302882486387773 0.005 0)
(0.045432372958166 0.005 0)
(0.0605764972775546 0.005 0)
(0.0757206215969433 0.005 0)
(0.0908647459163319 0.005 0)
(0.106008870235721 0.005 0)
(0.121152994555109 0.005 0)
(0.136297118874498 0.005 0)
(0.151441243193887 0.005 0)
(0.166585367513275 0.005 0)
(0.181729491832664 0.005 0)
(0.196873616152052 0.005 0)
(0.212017740471441 0.005 0)
(0.22716186479083 0.005 0)
(0.242305989110218 0.005 0)
(0.257450113429607 0.005 0)
(0.272594237748996 0.005 0)
(0.287738362068384 0.005 0)
(0.302882486387773 0.005 0)
(0.318026610707162 0.005 0)
(0.33317073502655 0.005 0)
(0.348314859345939 0.005 0)
(0.363458983665328 0.005 0)
(0.378603107984716 0.005 0)
(0.393747232304105 0.005 0)
(0.408891356623494 0.005 0)
(0.424035480942882 0.005 0)
(0.439179605262271 0.005 0)
(0.45432372958166 0.005 0)
(0.469467853901048 0.005 0)
(0.484611978220437 0.005 0)
(0.499756102539825 0.005 0)
(0.514900226859214 0.005 0)
(0.530044351178603 0.005 0)
(0.545188475497992 0.005 0)
(0.56033259981738 0.005 0)
(0.575476724136769 0.005 0)
(0.590620848456157 0.005 0)
(0.605764972775546 0.005 0)
(0 0.006 0)
(0.0151441243193887 0.006 0)
(0.0302882486387773 0.006 0)
(0.045432372958166 0.006 0)
(0.0605764972775546 0.006 0)
(0.0757206215969433 0.006 0)
(0.0908647459163319 0.006 0)
(0.106008870235721 0.006 0)
(0.121152994555109 0.006 0)
(0.136297118874498 0.006 0)
(0.151441243193887 0.006 0)
(0.166585367513275 0.006 0)
(0.181729491832664 0.006 0)
(0.196873616152053 0.006 0)
(0.212017740471441 0.006 0)
(0.22716186479083 0.006 0)
(0.242305989110218 0.006 0)
(0.257450113429607 0.006 0)
(0.272594237748996 0.006 0)
(0.287738362068384 0.006 0)
(0.302882486387773 0.006 0)
(0.318026610707162 0.006 0)
(0.33317073502655 0.006 0)
(0.348314859345939 0.006 0)
(0.363458983665328 0.006 0)
(0.378603107984716 0.006 0)
(0.393747232304105 0.006 0)
(0.408891356623494 0.006 0)
(0.424035480942882 0.006 0)
(0.439179605262271 0.006 0)
(0.45432372958166 0.006 0)
(0.469467853901048 0.006 0)
(0.484611978220437 0.006 0)
(0.499756102539825 0.006 0)
(0.514900226859214 0.006 0)
(0.530044351178603 0.006 0)
(0.545188475497992 0.006 0)
(0.56033259981738 0.006 0)
(0.575476724136769 0.006 0)
(0.590620848456157 0.006 0)
(0.605764972775546 0.006 0)
(0 0.007 0)
(0.0151441243193887 0.007 0)
(0.0302882486387773 0.007 0)
(0.045432372958166 0.007 0)
(0.0605764972775546 0.007 0)
(0.0757206215969433 0.007 0)
(0.0908647459163319 0.007 0)
(0.106008870235721 0.007 0)
(0.121152994555109 0.007 0)
(0.136297118874498 0.007 0)
(0.151441243193887 0.007 0)
(0.166585367513275 0.007 0)
(0.181729491832664 0.007 0)
(0.196873616152052 0.007 0)
(0.212017740471441 0.007 0)
(0.22716186479083 0.007 0)
(0.242305989110218 0.007 0)
(0.257450113429607 0.007 0)
(0.272594237748996 0.007 0)
(0.287738362068384 0.007 0)
(0.302882486387773 0.007 0)
(0.318026610707162 0.007 0)
(0.33317073502655 0.007 0)
(0.348314859345939 0.007 0)
(0.363458983665328 0.007 0)
(0.378603107984716 0.007 0)
(0.393747232304105 0.007 0)
(0.408891356623494 0.007 0)
(0.424035480942882 0.007 0)
(0.439179605262271 0.007 0)
(0.45432372958166 0.007 0)
(0.469467853901048 0.007 0)
(0.484611978220437 0.007 0)
(0.499756102539825 0.007 0)
(0.514900226859214 0.007 0)
(0.530044351178603 0.007 0)
(0.545188475497992 0.007 0)
(0.56033259981738 0.007 0)
(0.575476724136769 0.007 0)
(0.590620848456157 0.007 0)
(0.605764972775546 0.007 0)
(0 0.008 0)
(0.0151441243193887 0.008 0)
(0.0302882486387773 0.008 0)
(0.045432372958166 0.008 0)
(0.0605764972775546 0.008 0)
(0.0757206215969433 0.008 0)
(0.0908647459163319 0.008 0)
(0.106008870235721 0.008 0)
(0.121152994555109 0.008 0)
(0.136297118874498 0.008 0)
(0.151441243193887 0.008 0)
(0.166585367513275 0.008 0)
(0.181729491832664 0.008 0)
(0.196873616152052 0.008 0)
(0.212017740471441 0.008 0)
(0.22716186479083 0.008 0)
(0.242305989110218 0.008 0)
(0.257450113429607 0.008 0)
(0.272594237748996 0.008 0)
(0.287738362068384 0.008 0)
(0.302882486387773 0.008 0)
(0.318026610707162 0.008 0)
(0.33317073502655 0.008 0)
(0.348314859345939 0.008 0)
(0.363458983665328 0.008 0)
(0.378603107984716 0.008 0)
(0.393747232304105 0.008 0)
(0.408891356623494 0.008 0)
(0.424035480942882 0.008 0)
(0.439179605262271 0.008 0)
(0.45432372958166 0.008 0)
(0.469467853901048 0.008 0)
(0.484611978220437 0.008 0)
(0.499756102539825 0.008 0)
(0.514900226859214 0.008 0)
(0.530044351178603 0.008 0)
(0.545188475497992 0.008 0)
(0.56033259981738 0.008 0)
(0.575476724136769 0.008 0)
(0.590620848456157 0.008 0)
(0.605764972775546 0.008 0)
(0 0 0.000875)
(0.0151441243193887 0 0.000875)
(0.0302882486387773 0 0.000875)
(0.045432372958166 0 0.000875)
(0.0605764972775546 0 0.000875)
(0.0757206215969433 0 0.000875)
(0.0908647459163319 0 0.000875)
(0.106008870235721 0 0.000875)
(0.121152994555109 0 0.000875)
(0.136297118874498 0 0.000875)
(0.151441243193887 0 0.000875)
(0.166585367513275 0 0.000875)
(0.181729491832664 0 0.000875)
(0.196873616152052 0 0.000875)
(0.212017740471441 0 0.000875)
(0.22716186479083 0 0.000875)
(0.242305989110218 0 0.000875)
(0.257450113429607 0 0.000875)
(0.272594237748996 0 0.000875)
(0.287738362068384 0 0.000875)
(0.302882486387773 0 0.000875)
(0.318026610707162 0 0.000875)
(0.33317073502655 0 0.000875)
(0.348314859345939 0 0.000875)
(0.363458983665328 0 0.000875)
(0.378603107984716 0 0.000875)
(0.393747232304105 0 0.000875)
(0.408891356623494 0 0.000875)
(0.424035480942882 0 0.000875)
(0.439179605262271 0 0.000875)
(0.45432372958166 0 0.000875)
(0.469467853901048 0 0.000875)
(0.484611978220437 0 0.000875)
(0.499756102539825 0 0.000875)
(0.514900226859214 0 0.000875)
(0.530044351178603 0 0.000875)
(0.545188475497992 0 0.000875)
(0.56033259981738 0 0.000875)
(0.575476724136769 0 0.000875)
(0.590620848456157 0 0.000875)
(0.605764972775546 0 0.000875)
(0 0.001 0.000875)
(0.0151441243193887 0.001 0.000875)
(0.0302882486387773 0.001 0.000875)
(0.045432372958166 0.001 0.000875)
(0.0605764972775546 0.001 0.000875)
(0.0757206215969433 0.001 0.000875)
(0.0908647459163319 0.001 0.000875)
(0.106008870235721 0.001 0.000875)
(0.121152994555109 0.001 0.000875)
(0.136297118874498 0.001 0.000875)
(0.151441243193887 0.001 0.000875)
(0.166585367513275 0.001 0.000875)
(0.181729491832664 0.001 0.000875)
(0.196873616152052 0.001 0.000875)
(0.212017740471441 0.001 0.000875)
(0.22716186479083 0.001 0.000875)
(0.242305989110218 0.001 0.000875)
(0.257450113429607 0.001 0.000875)
(0.272594237748996 0.001 0.000875)
(0.287738362068384 0.001 0.000875)
(0.302882486387773 0.001 0.000875)
(0.318026610707162 0.001 0.000875)
(0.33317073502655 0.001 0.000875)
(0.348314859345939 0.001 0.000875)
(0.363458983665328 0.001 0.000875)
(0.378603107984716 0.001 0.000875)
(0.393747232304105 0.001 0.000875)
(0.408891356623494 0.001 0.000875)
(0.424035480942882 0.001 0.000875)
(0.439179605262271 0.001 0.000875)
(0.45432372958166 0.001 0.000875)
(0.469467853901048 0.001 0.000875)
(0.484611978220437 0.001 0.000875)
(0.499756102539825 0.001 0.000875)
(0.514900226859214 0.001 0.000875)
(0.530044351178603 0.001 0.000875)
(0.545188475497991 0.001 0.000875)
(0.56033259981738 0.001 0.000875)
(0.575476724136769 0.001 0.000875)
(0.590620848456157 0.001 0.000875)
(0.605764972775546 0.001 0.000875)
(0 0.002 0.000875)
(0.0151441243193887 0.002 0.000875)
(0.0302882486387773 0.002 0.000875)
(0.0454323729581659 0.002 0.000875)
(0.0605764972775546 0.002 0.000875)
(0.0757206215969433 0.002 0.000875)
(0.0908647459163319 0.002 0.000875)
(0.106008870235721 0.002 0.000875)
(0.121152994555109 0.002 0.000875)
(0.136297118874498 0.002 0.000875)
(0.151441243193887 0.002 0.000875)
(0.166585367513275 0.002 0.000875)
(0.181729491832664 0.002 0.000875)
(0.196873616152052 0.002 0.000875)
(0.212017740471441 0.002 0.000875)
(0.22716186479083 0.002 0.000875)
(0.242305989110219 0.002 0.000875)
(0.257450113429607 0.002 0.000875)
(0.272594237748996 0.002 0.000875)
(0.287738362068384 0.002 0.000875)
(0.302882486387773 0.002 0.000875)
(0.318026610707162 0.002 0.000875)
(0.33317073502655 0.002 0.000875)
(0.348314859345939 0.002 0.000875)
(0.363458983665328 0.002 0.000875)
(0.378603107984716 0.002 0.000875)
(0.393747232304105 0.002 0.000875)
(0.408891356623494 0.002 0.000875)
(0.424035480942882 0.002 0.000875)
(0.439179605262271 0.002 0.000875)
(0.45432372958166 0.002 0.000875)
(0.469467853901048 0.002 0.000875)
(0.484611978220437 0.002 0.000875)
(0.499756102539825 0.002 0.000875)
(0.514900226859214 0.002 0.000875)
(0.530044351178603 0.002 0.000875)
(0.545188475497992 0.002 0.000875)
(0.56033259981738 0.002 0.000875)
(0.575476724136769 0.002 0.000875)
(0.590620848456157 0.002 0.000875)
(0.605764972775546 0.002 0.000875)
(0 0.003 0.000875)
(0.0151441243193887 0.003 0.000875)
(0.0302882486387773 0.003 0.000875)
(0.045432372958166 0.003 0.000875)
(0.0605764972775546 0.003 0.000875)
(0.0757206215969433 0.003 0.000875)
(0.0908647459163319 0.003 0.000875)
(0.106008870235721 0.003 0.000875)
(0.121152994555109 0.003 0.000875)
(0.136297118874498 0.003 0.000875)
(0.151441243193887 0.003 0.000875)
(0.166585367513275 0.003 0.000875)
(0.181729491832664 0.003 0.000875)
(0.196873616152052 0.003 0.000875)
(0.212017740471441 0.003 0.000875)
(0.22716186479083 0.003 0.000875)
(0.242305989110218 0.003 0.000875)
(0.257450113429607 0.003 0.000875)
(0.272594237748996 0.003 0.000875)
(0.287738362068384 0.003 0.000875)
(0.302882486387773 0.003 0.000875)
(0.318026610707162 0.003 0.000875)
(0.33317073502655 0.003 0.000875)
(0.348314859345939 0.003 0.000875)
(0.363458983665328 0.003 0.000875)
(0.378603107984716 0.003 0.000875)
(0.393747232304105 0.003 0.000875)
(0.408891356623494 0.003 0.000875)
(0.424035480942882 0.003 0.000875)
(0.439179605262271 0.003 0.000875)
(0.45432372958166 0.003 0.000875)
(0.469467853901048 0.003 0.000875)
(0.484611978220437 0.003 0.000875)
(0.499756102539825 0.003 0.000875)
(0.514900226859214 0.003 0.000875)
(0.530044351178603 0.003 0.000875)
(0.545188475497992 0.003 0.000875)
(0.56033259981738 0.003 0.000875)
(0.575476724136769 0.003 0.000875)
(0.590620848456157 0.003 0.000875)
(0.605764972775546 0.003 0.000875)
(0 0.004 0.000875)
(0.0151441243193887 0.004 0.000875)
(0.0302882486387773 0.004 0.000875)
(0.045432372958166 0.004 0.000875)
(0.0605764972775546 0.004 0.000875)
(0.0757206215969433 0.004 0.000875)
(0.0908647459163319 0.004 0.000875)
(0.106008870235721 0.004 0.000875)
(0.121152994555109 0.004 0.000875)
(0.136297118874498 0.004 0.000875)
(0.151441243193887 0.004 0.000875)
(0.166585367513275 0.004 0.000875)
(0.181729491832664 0.004 0.000875)
(0.196873616152052 0.004 0.000875)
(0.212017740471441 0.004 0.000875)
(0.22716186479083 0.004 0.000875)
(0.242305989110218 0.004 0.000875)
(0.257450113429607 0.004 0.000875)
(0.272594237748996 0.004 0.000875)
(0.287738362068384 0.004 0.000875)
(0.302882486387773 0.004 0.000875)
(0.318026610707162 0.004 0.000875)
(0.33317073502655 0.004 0.000875)
(0.348314859345939 0.004 0.000875)
(0.363458983665328 0.004 0.000875)
(0.378603107984716 0.004 0.000875)
(0.393747232304105 0.004 0.000875)
(0.408891356623494 0.004 0.000875)
(0.424035480942882 0.004 0.000875)
(0.439179605262271 0.004 0.000875)
(0.45432372958166 0.004 0.000875)
(0.469467853901048 0.004 0.000875)
(0.484611978220437 0.004 0.000875)
(0.499756102539826 0.004 0.000875)
(0.514900226859214 0.004 0.000875)
(0.530044351178603 0.004 0.000875)
(0.545188475497992 0.004 0.000875)
(0.56033259981738 0.004 0.000875)
(0.575476724136769 0.004 0.000875)
(0.590620848456157 0.004 0.000875)
(0.605764972775546 0.004 0.000875)
(0 0.005 0.000875)
(0.0151441243193887 0.005 0.000875)
(0.0302882486387773 0.005 0.000875)
(0.045432372958166 0.005 0.000875)
(0.0605764972775546 0.005 0.000875)
(0.0757206215969433 0.005 0.000875)
(0.0908647459163319 0.005 0.000875)
(0.106008870235721 0.005 0.000875)
(0.121152994555109 0.005 0.000875)
(0.136297118874498 0.005 0.000875)
(0.151441243193887 0.005 0.000875)
(0.166585367513275 0.005 0.000875)
(0.181729491832664 0.005 0.000875)
(0.196873616152052 0.005 0.000875)
(0.212017740471441 0.005 0.000875)
(0.22716186479083 0.005 0.000875)
(0.242305989110218 0.005 0.000875)
(0.257450113429607 0.005 0.000875)
(0.272594237748996 0.005 0.000875)
(0.287738362068384 0.005 0.000875)
(0.302882486387773 0.005 0.000875)
(0.318026610707162 0.005 0.000875)
(0.33317073502655 0.005 0.000875)
(0.348314859345939 0.005 0.000875)
(0.363458983665328 0.005 0.000875)
(0.378603107984716 0.005 0.000875)
(0.393747232304105 0.005 0.000875)
(0.408891356623494 0.005 0.000875)
(0.424035480942882 0.005 0.000875)
(0.439179605262271 0.005 0.000875)
(0.45432372958166 0.005 0.000875)
(0.469467853901048 0.005 0.000875)
(0.484611978220437 0.005 0.000875)
(0.499756102539825 0.005 0.000875)
(0.514900226859214 0.005 0.000875)
(0.530044351178603 0.005 0.000875)
(0.545188475497992 0.005 0.000875)
(0.56033259981738 0.005 0.000875)
(0.575476724136769 0.005 0.000875)
(0.590620848456157 0.005 0.000875)
(0.605764972775546 0.005 0.000875)
(0 0.006 0.000875)
(0.0151441243193887 0.006 0.000875)
(0.0302882486387773 0.006 0.000875)
(0.0454323729581659 0.006 0.000875)
(0.0605764972775546 0.006 0.000875)
(0.0757206215969433 0.006 0.000875)
(0.0908647459163319 0.006 0.000875)
(0.106008870235721 0.006 0.000875)
(0.121152994555109 0.006 0.000875)
(0.136297118874498 0.006 0.000875)
(0.151441243193887 0.006 0.000875)
(0.166585367513275 0.006 0.000875)
(0.181729491832664 0.006 0.000875)
(0.196873616152052 0.006 0.000875)
(0.212017740471441 0.006 0.000875)
(0.22716186479083 0.006 0.000875)
(0.242305989110218 0.006 0.000875)
(0.257450113429607 0.006 0.000875)
(0.272594237748996 0.006 0.000875)
(0.287738362068384 0.006 0.000875)
(0.302882486387773 0.006 0.000875)
(0.318026610707162 0.006 0.000875)
(0.33317073502655 0.006 0.000875)
(0.348314859345939 0.006 0.000875)
(0.363458983665328 0.006 0.000875)
(0.378603107984716 0.006 0.000875)
(0.393747232304105 0.006 0.000875)
(0.408891356623494 0.006 0.000875)
(0.424035480942882 0.006 0.000875)
(0.439179605262271 0.006 0.000875)
(0.45432372958166 0.006 0.000875)
(0.469467853901048 0.006 0.000875)
(0.484611978220437 0.006 0.000875)
(0.499756102539825 0.006 0.000875)
(0.514900226859214 0.006 0.000875)
(0.530044351178603 0.006 0.000875)
(0.545188475497992 0.006 0.000875)
(0.56033259981738 0.006 0.000875)
(0.575476724136769 0.006 0.000875)
(0.590620848456157 0.006 0.000875)
(0.605764972775546 0.006 0.000875)
(0 0.007 0.000875)
(0.0151441243193887 0.007 0.000875)
(0.0302882486387773 0.007 0.000875)
(0.045432372958166 0.007 0.000875)
(0.0605764972775546 0.007 0.000875)
(0.0757206215969433 0.007 0.000875)
(0.0908647459163319 0.007 0.000875)
(0.106008870235721 0.007 0.000875)
(0.121152994555109 0.007 0.000875)
(0.136297118874498 0.007 0.000875)
(0.151441243193887 0.007 0.000875)
(0.166585367513275 0.007 0.000875)
(0.181729491832664 0.007 0.000875)
(0.196873616152052 0.007 0.000875)
(0.212017740471441 0.007 0.000875)
(0.22716186479083 0.007 0.000875)
(0.242305989110218 0.007 0.000875)
(0.257450113429607 0.007 0.000875)
(0.272594237748996 0.007 0.000875)
(0.287738362068384 0.007 0.000875)
(0.302882486387773 0.007 0.000875)
(0.318026610707162 0.007 0.000875)
(0.33317073502655 0.007 0.000875)
(0.348314859345939 0.007 0.000875)
(0.363458983665328 0.007 0.000875)
(0.378603107984716 0.007 0.000875)
(0.393747232304105 0.007 0.000875)
(0.408891356623494 0.007 0.000875)
(0.424035480942882 0.007 0.000875)
(0.439179605262271 0.007 0.000875)
(0.45432372958166 0.007 0.000875)
(0.469467853901048 0.007 0.000875)
(0.484611978220437 0.007 0.000875)
(0.499756102539825 0.007 0.000875)
(0.514900226859214 0.007 0.000875)
(0.530044351178603 0.007 0.000875)
(0.545188475497992 0.007 0.000875)
(0.56033259981738 0.007 0.000875)
(0.575476724136769 0.007 0.000875)
(0.590620848456157 0.007 0.000875)
(0.605764972775546 0.007 0.000875)
(0 0.008 0.000875)
(0.0151441243193887 0.008 0.000875)
(0.0302882486387773 0.008 0.000875)
(0.045432372958166 0.008 0.000875)
(0.0605764972775546 0.008 0.000875)
(0.0757206215969433 0.008 0.000875)
(0.0908647459163319 0.008 0.000875)
(0.106008870235721 0.008 0.000875)
(0.121152994555109 0.008 0.000875)
(0.136297118874498 0.008 0.000875)
(0.151441243193887 0.008 0.000875)
(0.166585367513275 0.008 0.000875)
(0.181729491832664 0.008 0.000875)
(0.196873616152052 0.008 0.000875)
(0.212017740471441 0.008 0.000875)
(0.22716186479083 0.008 0.000875)
(0.242305989110218 0.008 0.000875)
(0.257450113429607 0.008 0.000875)
(0.272594237748996 0.008 0.000875)
(0.287738362068384 0.008 0.000875)
(0.302882486387773 0.008 0.000875)
(0.318026610707162 0.008 0.000875)
(0.33317073502655 0.008 0.000875)
(0.348314859345939 0.008 0.000875)
(0.363458983665328 0.008 0.000875)
(0.378603107984716 0.008 0.000875)
(0.393747232304105 0.008 0.000875)
(0.408891356623494 0.008 0.000875)
(0.424035480942882 0.008 0.000875)
(0.439179605262271 0.008 0.000875)
(0.45432372958166 0.008 0.000875)
(0.469467853901048 0.008 0.000875)
(0.484611978220437 0.008 0.000875)
(0.499756102539825 0.008 0.000875)
(0.514900226859214 0.008 0.000875)
(0.530044351178603 0.008 0.000875)
(0.545188475497992 0.008 0.000875)
(0.56033259981738 0.008 0.000875)
(0.575476724136769 0.008 0.000875)
(0.590620848456157 0.008 0.000875)
(0.605764972775546 0.008 0.000875)
(0 0 0.00175)
(0.0151441243193887 0 0.00175)
(0.0302882486387773 0 0.00175)
(0.045432372958166 0 0.00175)
(0.0605764972775546 0 0.00175)
(0.0757206215969433 0 0.00175)
(0.0908647459163319 0 0.00175)
(0.106008870235721 0 0.00175)
(0.121152994555109 0 0.00175)
(0.136297118874498 0 0.00175)
(0.151441243193887 0 0.00175)
(0.166585367513275 0 0.00175)
(0.181729491832664 0 0.00175)
(0.196873616152052 0 0.00175)
(0.212017740471441 0 0.00175)
(0.22716186479083 0 0.00175)
(0.242305989110218 0 0.00175)
(0.257450113429607 0 0.00175)
(0.272594237748996 0 0.00175)
(0.287738362068384 0 0.00175)
(0.302882486387773 0 0.00175)
(0.318026610707162 0 0.00175)
(0.33317073502655 0 0.00175)
(0.348314859345939 0 0.00175)
(0.363458983665328 0 0.00175)
(0.378603107984716 0 0.00175)
(0.393747232304105 0 0.00175)
(0.408891356623494 0 0.00175)
(0.424035480942882 0 0.00175)
(0.439179605262271 0 0.00175)
(0.45432372958166 0 0.00175)
(0.469467853901048 0 0.00175)
(0.484611978220437 0 0.00175)
(0.499756102539825 0 0.00175)
(0.514900226859214 0 0.00175)
(0.530044351178603 0 0.00175)
(0.545188475497992 0 0.00175)
(0.56033259981738 0 0.00175)
(0.575476724136769 0 0.00175)
(0.590620848456157 0 0.00175)
(0.605764972775546 0 0.00175)
(0 0.001 0.00175)
(0.0151441243193887 0.001 0.00175)
(0.0302882486387773 0.001 0.00175)
(0.045432372958166 0.001 0.00175)
(0.0605764972775546 0.001 0.00175)
(0.0757206215969433 0.001 0.00175)
(0.0908647459163319 0.001 0.00175)
(0.106008870235721 0.001 0.00175)
(0.121152994555109 0.001 0.00175)
(0.136297118874498 0.001 0.00175)
(0.151441243193887 0.001 0.00175)
(0.166585367513275 0.001 0.00175)
(0.181729491832664 0.001 0.00175)
(0.196873616152052 0.001 0.00175)
(0.212017740471441 0.001 0.00175)
(0.22716186479083 0.001 0.00175)
(0.242305989110218 0.001 0.00175)
(0.257450113429607 0.001 0.00175)
(0.272594237748996 0.001 0.00175)
(0.287738362068384 0.001 0.00175)
(0.302882486387773 0.001 0.00175)
(0.318026610707162 0.001 0.00175)
(0.33317073502655 0.001 0.00175)
(0.348314859345939 0.001 0.00175)
(0.363458983665328 0.001 0.00175)
(0.378603107984716 0.001 0.00175)
(0.393747232304105 0.001 0.00175)
(0.408891356623494 0.001 0.00175)
(0.424035480942882 0.001 0.00175)
(0.439179605262271 0.001 0.00175)
(0.45432372958166 0.001 0.00175)
(0.469467853901048 0.001 0.00175)
(0.484611978220437 0.001 0.00175)
(0.499756102539825 0.001 0.00175)
(0.514900226859214 0.001 0.00175)
(0.530044351178603 0.001 0.00175)
(0.545188475497992 0.001 0.00175)
(0.56033259981738 0.001 0.00175)
(0.575476724136769 0.001 0.00175)
(0.590620848456157 0.001 0.00175)
(0.605764972775546 0.001 0.00175)
(0 0.002 0.00175)
(0.0151441243193887 0.002 0.00175)
(0.0302882486387773 0.002 0.00175)
(0.045432372958166 0.002 0.00175)
(0.0605764972775546 0.002 0.00175)
(0.0757206215969433 0.002 0.00175)
(0.0908647459163319 0.002 0.00175)
(0.106008870235721 0.002 0.00175)
(0.121152994555109 0.002 0.00175)
(0.136297118874498 0.002 0.00175)
(0.151441243193887 0.002 0.00175)
(0.166585367513275 0.002 0.00175)
(0.181729491832664 0.002 0.00175)
(0.196873616152052 0.002 0.00175)
(0.212017740471441 0.002 0.00175)
(0.22716186479083 0.002 0.00175)
(0.242305989110219 0.002 0.00175)
(0.257450113429607 0.002 0.00175)
(0.272594237748996 0.002 0.00175)
(0.287738362068384 0.002 0.00175)
(0.302882486387773 0.002 0.00175)
(0.318026610707162 0.002 0.00175)
(0.33317073502655 0.002 0.00175)
(0.348314859345939 0.002 0.00175)
(0.363458983665328 0.002 0.00175)
(0.378603107984716 0.002 0.00175)
(0.393747232304105 0.002 0.00175)
(0.408891356623494 0.002 0.00175)
(0.424035480942882 0.002 0.00175)
(0.439179605262271 0.002 0.00175)
(0.45432372958166 0.002 0.00175)
(0.469467853901048 0.002 0.00175)
(0.484611978220437 0.002 0.00175)
(0.499756102539825 0.002 0.00175)
(0.514900226859214 0.002 0.00175)
(0.530044351178603 0.002 0.00175)
(0.545188475497992 0.002 0.00175)
(0.56033259981738 0.002 0.00175)
(0.575476724136769 0.002 0.00175)
(0.590620848456157 0.002 0.00175)
(0.605764972775546 0.002 0.00175)
(0 0.003 0.00175)
(0.0151441243193887 0.003 0.00175)
(0.0302882486387773 0.003 0.00175)
(0.045432372958166 0.003 0.00175)
(0.0605764972775546 0.003 0.00175)
(0.0757206215969433 0.003 0.00175)
(0.0908647459163319 0.003 0.00175)
(0.106008870235721 0.003 0.00175)
(0.121152994555109 0.003 0.00175)
(0.136297118874498 0.003 0.00175)
(0.151441243193887 0.003 0.00175)
(0.166585367513275 0.003 0.00175)
(0.181729491832664 0.003 0.00175)
(0.196873616152052 0.003 0.00175)
(0.212017740471441 0.003 0.00175)
(0.22716186479083 0.003 0.00175)
(0.242305989110219 0.003 0.00175)
(0.257450113429607 0.003 0.00175)
(0.272594237748996 0.003 0.00175)
(0.287738362068384 0.003 0.00175)
(0.302882486387773 0.003 0.00175)
(0.318026610707162 0.003 0.00175)
(0.33317073502655 0.003 0.00175)
(0.348314859345939 0.003 0.00175)
(0.363458983665328 0.003 0.00175)
(0.378603107984716 0.003 0.00175)
(0.393747232304105 0.003 0.00175)
(0.408891356623494 0.003 0.00175)
(0.424035480942882 0.003 0.00175)
(0.439179605262271 0.003 0.00175)
(0.45432372958166 0.003 0.00175)
(0.469467853901048 0.003 0.00175)
(0.484611978220437 0.003 0.00175)
(0.499756102539825 0.003 0.00175)
(0.514900226859214 0.003 0.00175)
(0.530044351178603 0.003 0.00175)
(0.545188475497992 0.003 0.00175)
(0.56033259981738 0.003 0.00175)
(0.575476724136769 0.003 0.00175)
(0.590620848456157 0.003 0.00175)
(0.605764972775546 0.003 0.00175)
(0 0.004 0.00175)
(0.0151441243193887 0.004 0.00175)
(0.0302882486387773 0.004 0.00175)
(0.045432372958166 0.004 0.00175)
(0.0605764972775546 0.004 0.00175)
(0.0757206215969433 0.004 0.00175)
(0.0908647459163319 0.004 0.00175)
(0.106008870235721 0.004 0.00175)
(0.121152994555109 0.004 0.00175)
(0.136297118874498 0.004 0.00175)
(0.151441243193887 0.004 0.00175)
(0.166585367513275 0.004 0.00175)
(0.181729491832664 0.004 0.00175)
(0.196873616152052 0.004 0.00175)
(0.212017740471441 0.004 0.00175)
(0.22716186479083 0.004 0.00175)
(0.242305989110218 0.004 0.00175)
(0.257450113429607 0.004 0.00175)
(0.272594237748996 0.004 0.00175)
(0.287738362068384 0.004 0.00175)
(0.302882486387773 0.004 0.00175)
(0.318026610707162 0.004 0.00175)
(0.33317073502655 0.004 0.00175)
(0.348314859345939 0.004 0.00175)
(0.363458983665328 0.004 0.00175)
(0.378603107984716 0.004 0.00175)
(0.393747232304105 0.004 0.00175)
(0.408891356623494 0.004 0.00175)
(0.424035480942882 0.004 0.00175)
(0.439179605262271 0.004 0.00175)
(0.45432372958166 0.004 0.00175)
(0.469467853901048 0.004 0.00175)
(0.484611978220437 0.004 0.00175)
(0.499756102539825 0.004 0.00175)
(0.514900226859214 0.004 0.00175)
(0.530044351178603 0.004 0.00175)
(0.545188475497992 0.004 0.00175)
(0.56033259981738 0.004 0.00175)
(0.575476724136769 0.004 0.00175)
(0.590620848456157 0.004 0.00175)
(0.605764972775546 0.004 0.00175)
(0 0.005 0.00175)
(0.0151441243193887 0.005 0.00175)
(0.0302882486387773 0.005 0.00175)
(0.045432372958166 0.005 0.00175)
(0.0605764972775546 0.005 0.00175)
(0.0757206215969433 0.005 0.00175)
(0.0908647459163319 0.005 0.00175)
(0.106008870235721 0.005 0.00175)
(0.121152994555109 0.005 0.00175)
(0.136297118874498 0.005 0.00175)
(0.151441243193887 0.005 0.00175)
(0.166585367513275 0.005 0.00175)
(0.181729491832664 0.005 0.00175)
(0.196873616152052 0.005 0.00175)
(0.212017740471441 0.005 0.00175)
(0.22716186479083 0.005 0.00175)
(0.242305989110218 0.005 0.00175)
(0.257450113429607 0.005 0.00175)
(0.272594237748996 0.005 0.00175)
(0.287738362068384 0.005 0.00175)
(0.302882486387773 0.005 0.00175)
(0.318026610707162 0.005 0.00175)
(0.33317073502655 0.005 0.00175)
(0.348314859345939 0.005 0.00175)
(0.363458983665328 0.005 0.00175)
(0.378603107984716 0.005 0.00175)
(0.393747232304105 0.005 0.00175)
(0.408891356623494 0.005 0.00175)
(0.424035480942882 0.005 0.00175)
(0.439179605262271 0.005 0.00175)
(0.45432372958166 0.005 0.00175)
(0.469467853901048 0.005 0.00175)
(0.484611978220437 0.005 0.00175)
(0.499756102539825 0.005 0.00175)
(0.514900226859214 0.005 0.00175)
(0.530044351178603 0.005 0.00175)
(0.545188475497992 0.005 0.00175)
(0.56033259981738 0.005 0.00175)
(0.575476724136769 0.005 0.00175)
(0.590620848456157 0.005 0.00175)
(0.605764972775546 0.005 0.00175)
(0 0.006 0.00175)
(0.0151441243193887 0.006 0.00175)
(0.0302882486387773 0.006 0.00175)
(0.045432372958166 0.006 0.00175)
(0.0605764972775546 0.006 0.00175)
(0.0757206215969433 0.006 0.00175)
(0.0908647459163319 0.006 0.00175)
(0.106008870235721 0.006 0.00175)
(0.121152994555109 0.006 0.00175)
(0.136297118874498 0.006 0.00175)
(0.151441243193887 0.006 0.00175)
(0.166585367513275 0.006 0.00175)
(0.181729491832664 0.006 0.00175)
(0.196873616152052 0.006 0.00175)
(0.212017740471441 0.006 0.00175)
(0.22716186479083 0.006 0.00175)
(0.242305989110218 0.006 0.00175)
(0.257450113429607 0.006 0.00175)
(0.272594237748996 0.006 0.00175)
(0.287738362068384 0.006 0.00175)
(0.302882486387773 0.006 0.00175)
(0.318026610707162 0.006 0.00175)
(0.33317073502655 0.006 0.00175)
(0.348314859345939 0.006 0.00175)
(0.363458983665328 0.006 0.00175)
(0.378603107984716 0.006 0.00175)
(0.393747232304105 0.006 0.00175)
(0.408891356623494 0.006 0.00175)
(0.424035480942882 0.006 0.00175)
(0.439179605262271 0.006 0.00175)
(0.45432372958166 0.006 0.00175)
(0.469467853901048 0.006 0.00175)
(0.484611978220437 0.006 0.00175)
(0.499756102539825 0.006 0.00175)
(0.514900226859214 0.006 0.00175)
(0.530044351178603 0.006 0.00175)
(0.545188475497992 0.006 0.00175)
(0.56033259981738 0.006 0.00175)
(0.575476724136769 0.006 0.00175)
(0.590620848456157 0.006 0.00175)
(0.605764972775546 0.006 0.00175)
(0 0.007 0.00175)
(0.0151441243193887 0.007 0.00175)
(0.0302882486387773 0.007 0.00175)
(0.045432372958166 0.007 0.00175)
(0.0605764972775546 0.007 0.00175)
(0.0757206215969433 0.007 0.00175)
(0.0908647459163319 0.007 0.00175)
(0.106008870235721 0.007 0.00175)
(0.121152994555109 0.007 0.00175)
(0.136297118874498 0.007 0.00175)
(0.151441243193887 0.007 0.00175)
(0.166585367513275 0.007 0.00175)
(0.181729491832664 0.007 0.00175)
(0.196873616152052 0.007 0.00175)
(0.212017740471441 0.007 0.00175)
(0.22716186479083 0.007 0.00175)
(0.242305989110218 0.007 0.00175)
(0.257450113429607 0.007 0.00175)
(0.272594237748996 0.007 0.00175)
(0.287738362068384 0.007 0.00175)
(0.302882486387773 0.007 0.00175)
(0.318026610707162 0.007 0.00175)
(0.33317073502655 0.007 0.00175)
(0.348314859345939 0.007 0.00175)
(0.363458983665328 0.007 0.00175)
(0.378603107984716 0.007 0.00175)
(0.393747232304105 0.007 0.00175)
(0.408891356623494 0.007 0.00175)
(0.424035480942882 0.007 0.00175)
(0.439179605262271 0.007 0.00175)
(0.45432372958166 0.007 0.00175)
(0.469467853901048 0.007 0.00175)
(0.484611978220437 0.007 0.00175)
(0.499756102539825 0.007 0.00175)
(0.514900226859214 0.007 0.00175)
(0.530044351178603 0.007 0.00175)
(0.545188475497992 0.007 0.00175)
(0.56033259981738 0.007 0.00175)
(0.575476724136769 0.007 0.00175)
(0.590620848456157 0.007 0.00175)
(0.605764972775546 0.007 0.00175)
(0 0.008 0.00175)
(0.0151441243193887 0.008 0.00175)
(0.0302882486387773 0.008 0.00175)
(0.045432372958166 0.008 0.00175)
(0.0605764972775546 0.008 0.00175)
(0.0757206215969433 0.008 0.00175)
(0.0908647459163319 0.008 0.00175)
(0.106008870235721 0.008 0.00175)
(0.121152994555109 0.008 0.00175)
(0.136297118874498 0.008 0.00175)
(0.151441243193887 0.008 0.00175)
(0.166585367513275 0.008 0.00175)
(0.181729491832664 0.008 0.00175)
(0.196873616152052 0.008 0.00175)
(0.212017740471441 0.008 0.00175)
(0.22716186479083 0.008 0.00175)
(0.242305989110218 0.008 0.00175)
(0.257450113429607 0.008 0.00175)
(0.272594237748996 0.008 0.00175)
(0.287738362068384 0.008 0.00175)
(0.302882486387773 0.008 0.00175)
(0.318026610707162 0.008 0.00175)
(0.33317073502655 0.008 0.00175)
(0.348314859345939 0.008 0.00175)
(0.363458983665328 0.008 0.00175)
(0.378603107984716 0.008 0.00175)
(0.393747232304105 0.008 0.00175)
(0.408891356623494 0.008 0.00175)
(0.424035480942882 0.008 0.00175)
(0.439179605262271 0.008 0.00175)
(0.45432372958166 0.008 0.00175)
(0.469467853901048 0.008 0.00175)
(0.484611978220437 0.008 0.00175)
(0.499756102539825 0.008 0.00175)
(0.514900226859214 0.008 0.00175)
(0.530044351178603 0.008 0.00175)
(0.545188475497992 0.008 0.00175)
(0.56033259981738 0.008 0.00175)
(0.575476724136769 0.008 0.00175)
(0.590620848456157 0.008 0.00175)
(0.605764972775546 0.008 0.00175)
(0 0 0.002625)
(0.0151441243193887 0 0.002625)
(0.0302882486387773 0 0.002625)
(0.045432372958166 0 0.002625)
(0.0605764972775546 0 0.002625)
(0.0757206215969433 0 0.002625)
(0.0908647459163319 0 0.002625)
(0.106008870235721 0 0.002625)
(0.121152994555109 0 0.002625)
(0.136297118874498 0 0.002625)
(0.151441243193887 0 0.002625)
(0.166585367513275 0 0.002625)
(0.181729491832664 0 0.002625)
(0.196873616152052 0 0.002625)
(0.212017740471441 0 0.002625)
(0.22716186479083 0 0.002625)
(0.242305989110218 0 0.002625)
(0.257450113429607 0 0.002625)
(0.272594237748996 0 0.002625)
(0.287738362068384 0 0.002625)
(0.302882486387773 0 0.002625)
(0.318026610707162 0 0.002625)
(0.33317073502655 0 0.002625)
(0.348314859345939 0 0.002625)
(0.363458983665328 0 0.002625)
(0.378603107984716 0 0.002625)
(0.393747232304105 0 0.002625)
(0.408891356623494 0 0.002625)
(0.424035480942882 0 0.002625)
(0.439179605262271 0 0.002625)
(0.45432372958166 0 0.002625)
(0.469467853901048 0 0.002625)
(0.484611978220437 0 0.002625)
(0.499756102539825 0 0.002625)
(0.514900226859214 0 0.002625)
(0.530044351178603 0 0.002625)
(0.545188475497992 0 0.002625)
(0.56033259981738 0 0.002625)
(0.575476724136769 0 0.002625)
(0.590620848456157 0 0.002625)
(0.605764972775546 0 0.002625)
(0 0.001 0.002625)
(0.0151441243193887 0.001 0.002625)
(0.0302882486387773 0.001 0.002625)
(0.045432372958166 0.001 0.002625)
(0.0605764972775546 0.001 0.002625)
(0.0757206215969433 0.001 0.002625)
(0.0908647459163319 0.001 0.002625)
(0.106008870235721 0.001 0.002625)
(0.121152994555109 0.001 0.002625)
(0.136297118874498 0.001 0.002625)
(0.151441243193887 0.001 0.002625)
(0.166585367513275 0.001 0.002625)
(0.181729491832664 0.001 0.002625)
(0.196873616152052 0.001 0.002625)
(0.212017740471441 0.001 0.002625)
(0.22716186479083 0.001 0.002625)
(0.242305989110219 0.001 0.002625)
(0.257450113429607 0.001 0.002625)
(0.272594237748996 0.001 0.002625)
(0.287738362068384 0.001 0.002625)
(0.302882486387773 0.001 0.002625)
(0.318026610707162 0.001 0.002625)
(0.33317073502655 0.001 0.002625)
(0.348314859345939 0.001 0.002625)
(0.363458983665328 0.001 0.002625)
(0.378603107984716 0.001 0.002625)
(0.393747232304105 0.001 0.002625)
(0.408891356623494 0.001 0.002625)
(0.424035480942882 0.001 0.002625)
(0.439179605262271 0.001 0.002625)
(0.45432372958166 0.001 0.002625)
(0.469467853901048 0.001 0.002625)
(0.484611978220437 0.001 0.002625)
(0.499756102539825 0.001 0.002625)
(0.514900226859214 0.001 0.002625)
(0.530044351178603 0.001 0.002625)
(0.545188475497991 0.001 0.002625)
(0.56033259981738 0.001 0.002625)
(0.575476724136769 0.001 0.002625)
(0.590620848456157 0.001 0.002625)
(0.605764972775546 0.001 0.002625)
(0 0.002 0.002625)
(0.0151441243193887 0.002 0.002625)
(0.0302882486387773 0.002 0.002625)
(0.045432372958166 0.002 0.002625)
(0.0605764972775546 0.002 0.002625)
(0.0757206215969433 0.002 0.002625)
(0.0908647459163319 0.002 0.002625)
(0.106008870235721 0.002 0.002625)
(0.121152994555109 0.002 0.002625)
(0.136297118874498 0.002 0.002625)
(0.151441243193887 0.002 0.002625)
(0.166585367513275 0.002 0.002625)
(0.181729491832664 0.002 0.002625)
(0.196873616152052 0.002 0.002625)
(0.212017740471441 0.002 0.002625)
(0.22716186479083 0.002 0.002625)
(0.242305989110218 0.002 0.002625)
(0.257450113429607 0.002 0.002625)
(0.272594237748996 0.002 0.002625)
(0.287738362068384 0.002 0.002625)
(0.302882486387773 0.002 0.002625)
(0.318026610707162 0.002 0.002625)
(0.33317073502655 0.002 0.002625)
(0.348314859345939 0.002 0.002625)
(0.363458983665328 0.002 0.002625)
(0.378603107984716 0.002 0.002625)
(0.393747232304105 0.002 0.002625)
(0.408891356623494 0.002 0.002625)
(0.424035480942882 0.002 0.002625)
(0.439179605262271 0.002 0.002625)
(0.45432372958166 0.002 0.002625)
(0.469467853901048 0.002 0.002625)
(0.484611978220437 0.002 0.002625)
(0.499756102539825 0.002 0.002625)
(0.514900226859214 0.002 0.002625)
(0.530044351178603 0.002 0.002625)
(0.545188475497992 0.002 0.002625)
(0.56033259981738 0.002 0.002625)
(0.575476724136769 0.002 0.002625)
(0.590620848456157 0.002 0.002625)
(0.605764972775546 0.002 0.002625)
(0 0.003 0.002625)
(0.0151441243193887 0.003 0.002625)
(0.0302882486387773 0.003 0.002625)
(0.045432372958166 0.003 0.002625)
(0.0605764972775546 0.003 0.002625)
(0.0757206215969433 0.003 0.002625)
(0.0908647459163319 0.003 0.002625)
(0.106008870235721 0.003 0.002625)
(0.121152994555109 0.003 0.002625)
(0.136297118874498 0.003 0.002625)
(0.151441243193887 0.003 0.002625)
(0.166585367513275 0.003 0.002625)
(0.181729491832664 0.003 0.002625)
(0.196873616152052 0.003 0.002625)
(0.212017740471441 0.003 0.002625)
(0.22716186479083 0.003 0.002625)
(0.242305989110218 0.003 0.002625)
(0.257450113429607 0.003 0.002625)
(0.272594237748996 0.003 0.002625)
(0.287738362068384 0.003 0.002625)
(0.302882486387773 0.003 0.002625)
(0.318026610707162 0.003 0.002625)
(0.33317073502655 0.003 0.002625)
(0.348314859345939 0.003 0.002625)
(0.363458983665328 0.003 0.002625)
(0.378603107984716 0.003 0.002625)
(0.393747232304105 0.003 0.002625)
(0.408891356623494 0.003 0.002625)
(0.424035480942882 0.003 0.002625)
(0.439179605262271 0.003 0.002625)
(0.45432372958166 0.003 0.002625)
(0.469467853901048 0.003 0.002625)
(0.484611978220437 0.003 0.002625)
(0.499756102539826 0.003 0.002625)
(0.514900226859214 0.003 0.002625)
(0.530044351178603 0.003 0.002625)
(0.545188475497992 0.003 0.002625)
(0.56033259981738 0.003 0.002625)
(0.575476724136769 0.003 0.002625)
(0.590620848456157 0.003 0.002625)
(0.605764972775546 0.003 0.002625)
(0 0.004 0.002625)
(0.0151441243193887 0.004 0.002625)
(0.0302882486387773 0.004 0.002625)
(0.045432372958166 0.004 0.002625)
(0.0605764972775546 0.004 0.002625)
(0.0757206215969433 0.004 0.002625)
(0.0908647459163319 0.004 0.002625)
(0.106008870235721 0.004 0.002625)
(0.121152994555109 0.004 0.002625)
(0.136297118874498 0.004 0.002625)
(0.151441243193887 0.004 0.002625)
(0.166585367513275 0.004 0.002625)
(0.181729491832664 0.004 0.002625)
(0.196873616152052 0.004 0.002625)
(0.212017740471441 0.004 0.002625)
(0.22716186479083 0.004 0.002625)
(0.242305989110218 0.004 0.002625)
(0.257450113429607 0.004 0.002625)
(0.272594237748996 0.004 0.002625)
(0.287738362068384 0.004 0.002625)
(0.302882486387773 0.004 0.002625)
(0.318026610707162 0.004 0.002625)
(0.33317073502655 0.004 0.002625)
(0.348314859345939 0.004 0.002625)
(0.363458983665328 0.004 0.002625)
(0.378603107984716 0.004 0.002625)
(0.393747232304105 0.004 0.002625)
(0.408891356623494 0.004 0.002625)
(0.424035480942882 0.004 0.002625)
(0.439179605262271 0.004 0.002625)
(0.45432372958166 0.004 0.002625)
(0.469467853901048 0.004 0.002625)
(0.484611978220437 0.004 0.002625)
(0.499756102539826 0.004 0.002625)
(0.514900226859214 0.004 0.002625)
(0.530044351178603 0.004 0.002625)
(0.545188475497992 0.004 0.002625)
(0.56033259981738 0.004 0.002625)
(0.575476724136769 0.004 0.002625)
(0.590620848456157 0.004 0.002625)
(0.605764972775546 0.004 0.002625)
(0 0.005 0.002625)
(0.0151441243193887 0.005 0.002625)
(0.0302882486387773 0.005 0.002625)
(0.045432372958166 0.005 0.002625)
(0.0605764972775546 0.005 0.002625)
(0.0757206215969433 0.005 0.002625)
(0.0908647459163319 0.005 0.002625)
(0.106008870235721 0.005 0.002625)
(0.121152994555109 0.005 0.002625)
(0.136297118874498 0.005 0.002625)
(0.151441243193887 0.005 0.002625)
(0.166585367513275 0.005 0.002625)
(0.181729491832664 0.005 0.002625)
(0.196873616152052 0.005 0.002625)
(0.212017740471441 0.005 0.002625)
(0.22716186479083 0.005 0.002625)
(0.242305989110218 0.005 0.002625)
(0.257450113429607 0.005 0.002625)
(0.272594237748996 0.005 0.002625)
(0.287738362068384 0.005 0.002625)
(0.302882486387773 0.005 0.002625)
(0.318026610707162 0.005 0.002625)
(0.33317073502655 0.005 0.002625)
(0.348314859345939 0.005 0.002625)
(0.363458983665328 0.005 0.002625)
(0.378603107984716 0.005 0.002625)
(0.393747232304105 0.005 0.002625)
(0.408891356623494 0.005 0.002625)
(0.424035480942882 0.005 0.002625)
(0.439179605262271 0.005 0.002625)
(0.45432372958166 0.005 0.002625)
(0.469467853901048 0.005 0.002625)
(0.484611978220437 0.005 0.002625)
(0.499756102539826 0.005 0.002625)
(0.514900226859214 0.005 0.002625)
(0.530044351178603 0.005 0.002625)
(0.545188475497992 0.005 0.002625)
(0.56033259981738 0.005 0.002625)
(0.575476724136769 0.005 0.002625)
(0.590620848456157 0.005 0.002625)
(0.605764972775546 0.005 0.002625)
(0 0.006 0.002625)
(0.0151441243193887 0.006 0.002625)
(0.0302882486387773 0.006 0.002625)
(0.045432372958166 0.006 0.002625)
(0.0605764972775546 0.006 0.002625)
(0.0757206215969433 0.006 0.002625)
(0.0908647459163319 0.006 0.002625)
(0.106008870235721 0.006 0.002625)
(0.121152994555109 0.006 0.002625)
(0.136297118874498 0.006 0.002625)
(0.151441243193887 0.006 0.002625)
(0.166585367513275 0.006 0.002625)
(0.181729491832664 0.006 0.002625)
(0.196873616152052 0.006 0.002625)
(0.212017740471441 0.006 0.002625)
(0.22716186479083 0.006 0.002625)
(0.242305989110218 0.006 0.002625)
(0.257450113429607 0.006 0.002625)
(0.272594237748996 0.006 0.002625)
(0.287738362068384 0.006 0.002625)
(0.302882486387773 0.006 0.002625)
(0.318026610707162 0.006 0.002625)
(0.33317073502655 0.006 0.002625)
(0.348314859345939 0.006 0.002625)
(0.363458983665328 0.006 0.002625)
(0.378603107984716 0.006 0.002625)
(0.393747232304105 0.006 0.002625)
(0.408891356623494 0.006 0.002625)
(0.424035480942882 0.006 0.002625)
(0.439179605262271 0.006 0.002625)
(0.45432372958166 0.006 0.002625)
(0.469467853901048 0.006 0.002625)
(0.484611978220437 0.006 0.002625)
(0.499756102539825 0.006 0.002625)
(0.514900226859214 0.006 0.002625)
(0.530044351178603 0.006 0.002625)
(0.545188475497992 0.006 0.002625)
(0.56033259981738 0.006 0.002625)
(0.575476724136769 0.006 0.002625)
(0.590620848456157 0.006 0.002625)
(0.605764972775546 0.006 0.002625)
(0 0.007 0.002625)
(0.0151441243193887 0.007 0.002625)
(0.0302882486387773 0.007 0.002625)
(0.045432372958166 0.007 0.002625)
(0.0605764972775546 0.007 0.002625)
(0.0757206215969433 0.007 0.002625)
(0.0908647459163319 0.007 0.002625)
(0.106008870235721 0.007 0.002625)
(0.121152994555109 0.007 0.002625)
(0.136297118874498 0.007 0.002625)
(0.151441243193887 0.007 0.002625)
(0.166585367513275 0.007 0.002625)
(0.181729491832664 0.007 0.002625)
(0.196873616152052 0.007 0.002625)
(0.212017740471441 0.007 0.002625)
(0.22716186479083 0.007 0.002625)
(0.242305989110218 0.007 0.002625)
(0.257450113429607 0.007 0.002625)
(0.272594237748996 0.007 0.002625)
(0.287738362068384 0.007 0.002625)
(0.302882486387773 0.007 0.002625)
(0.318026610707162 0.007 0.002625)
(0.33317073502655 0.007 0.002625)
(0.348314859345939 0.007 0.002625)
(0.363458983665328 0.007 0.002625)
(0.378603107984716 0.007 0.002625)
(0.393747232304105 0.007 0.002625)
(0.408891356623494 0.007 0.002625)
(0.424035480942882 0.007 0.002625)
(0.439179605262271 0.007 0.002625)
(0.45432372958166 0.007 0.002625)
(0.469467853901048 0.007 0.002625)
(0.484611978220437 0.007 0.002625)
(0.499756102539826 0.007 0.002625)
(0.514900226859214 0.007 0.002625)
(0.530044351178603 0.007 0.002625)
(0.545188475497992 0.007 0.002625)
(0.56033259981738 0.007 0.002625)
(0.575476724136769 0.007 0.002625)
(0.590620848456157 0.007 0.002625)
(0.605764972775546 0.007 0.002625)
(0 0.008 0.002625)
(0.0151441243193887 0.008 0.002625)
(0.0302882486387773 0.008 0.002625)
(0.045432372958166 0.008 0.002625)
(0.0605764972775546 0.008 0.002625)
(0.0757206215969433 0.008 0.002625)
(0.0908647459163319 0.008 0.002625)
(0.106008870235721 0.008 0.002625)
(0.121152994555109 0.008 0.002625)
(0.136297118874498 0.008 0.002625)
(0.151441243193887 0.008 0.002625)
(0.166585367513275 0.008 0.002625)
(0.181729491832664 0.008 0.002625)
(0.196873616152052 0.008 0.002625)
(0.212017740471441 0.008 0.002625)
(0.22716186479083 0.008 0.002625)
(0.242305989110218 0.008 0.002625)
(0.257450113429607 0.008 0.002625)
(0.272594237748996 0.008 0.002625)
(0.287738362068384 0.008 0.002625)
(0.302882486387773 0.008 0.002625)
(0.318026610707162 0.008 0.002625)
(0.33317073502655 0.008 0.002625)
(0.348314859345939 0.008 0.002625)
(0.363458983665328 0.008 0.002625)
(0.378603107984716 0.008 0.002625)
(0.393747232304105 0.008 0.002625)
(0.408891356623494 0.008 0.002625)
(0.424035480942882 0.008 0.002625)
(0.439179605262271 0.008 0.002625)
(0.45432372958166 0.008 0.002625)
(0.469467853901048 0.008 0.002625)
(0.484611978220437 0.008 0.002625)
(0.499756102539825 0.008 0.002625)
(0.514900226859214 0.008 0.002625)
(0.530044351178603 0.008 0.002625)
(0.545188475497992 0.008 0.002625)
(0.56033259981738 0.008 0.002625)
(0.575476724136769 0.008 0.002625)
(0.590620848456157 0.008 0.002625)
(0.605764972775546 0.008 0.002625)
(0 0 0.0035)
(0.0151441243193887 0 0.0035)
(0.0302882486387773 0 0.0035)
(0.045432372958166 0 0.0035)
(0.0605764972775546 0 0.0035)
(0.0757206215969433 0 0.0035)
(0.0908647459163319 0 0.0035)
(0.106008870235721 0 0.0035)
(0.121152994555109 0 0.0035)
(0.136297118874498 0 0.0035)
(0.151441243193887 0 0.0035)
(0.166585367513275 0 0.0035)
(0.181729491832664 0 0.0035)
(0.196873616152052 0 0.0035)
(0.212017740471441 0 0.0035)
(0.22716186479083 0 0.0035)
(0.242305989110218 0 0.0035)
(0.257450113429607 0 0.0035)
(0.272594237748996 0 0.0035)
(0.287738362068384 0 0.0035)
(0.302882486387773 0 0.0035)
(0.318026610707162 0 0.0035)
(0.33317073502655 0 0.0035)
(0.348314859345939 0 0.0035)
(0.363458983665328 0 0.0035)
(0.378603107984716 0 0.0035)
(0.393747232304105 0 0.0035)
(0.408891356623494 0 0.0035)
(0.424035480942882 0 0.0035)
(0.439179605262271 0 0.0035)
(0.45432372958166 0 0.0035)
(0.469467853901048 0 0.0035)
(0.484611978220437 0 0.0035)
(0.499756102539825 0 0.0035)
(0.514900226859214 0 0.0035)
(0.530044351178603 0 0.0035)
(0.545188475497992 0 0.0035)
(0.56033259981738 0 0.0035)
(0.575476724136769 0 0.0035)
(0.590620848456157 0 0.0035)
(0.605764972775546 0 0.0035)
(0 0.001 0.0035)
(0.0151441243193887 0.001 0.0035)
(0.0302882486387773 0.001 0.0035)
(0.045432372958166 0.001 0.0035)
(0.0605764972775546 0.001 0.0035)
(0.0757206215969433 0.001 0.0035)
(0.0908647459163319 0.001 0.0035)
(0.106008870235721 0.001 0.0035)
(0.121152994555109 0.001 0.0035)
(0.136297118874498 0.001 0.0035)
(0.151441243193887 0.001 0.0035)
(0.166585367513275 0.001 0.0035)
(0.181729491832664 0.001 0.0035)
(0.196873616152052 0.001 0.0035)
(0.212017740471441 0.001 0.0035)
(0.22716186479083 0.001 0.0035)
(0.242305989110218 0.001 0.0035)
(0.257450113429607 0.001 0.0035)
(0.272594237748996 0.001 0.0035)
(0.287738362068384 0.001 0.0035)
(0.302882486387773 0.001 0.0035)
(0.318026610707162 0.001 0.0035)
(0.33317073502655 0.001 0.0035)
(0.348314859345939 0.001 0.0035)
(0.363458983665328 0.001 0.0035)
(0.378603107984716 0.001 0.0035)
(0.393747232304105 0.001 0.0035)
(0.408891356623494 0.001 0.0035)
(0.424035480942882 0.001 0.0035)
(0.439179605262271 0.001 0.0035)
(0.45432372958166 0.001 0.0035)
(0.469467853901048 0.001 0.0035)
(0.484611978220437 0.001 0.0035)
(0.499756102539825 0.001 0.0035)
(0.514900226859214 0.001 0.0035)
(0.530044351178603 0.001 0.0035)
(0.545188475497992 0.001 0.0035)
(0.56033259981738 0.001 0.0035)
(0.575476724136769 0.001 0.0035)
(0.590620848456157 0.001 0.0035)
(0.605764972775546 0.001 0.0035)
(0 0.002 0.0035)
(0.0151441243193887 0.002 0.0035)
(0.0302882486387773 0.002 0.0035)
(0.045432372958166 0.002 0.0035)
(0.0605764972775546 0.002 0.0035)
(0.0757206215969433 0.002 0.0035)
(0.0908647459163319 0.002 0.0035)
(0.106008870235721 0.002 0.0035)
(0.121152994555109 0.002 0.0035)
(0.136297118874498 0.002 0.0035)
(0.151441243193887 0.002 0.0035)
(0.166585367513275 0.002 0.0035)
(0.181729491832664 0.002 0.0035)
(0.196873616152052 0.002 0.0035)
(0.212017740471441 0.002 0.0035)
(0.22716186479083 0.002 0.0035)
(0.242305989110218 0.002 0.0035)
(0.257450113429607 0.002 0.0035)
(0.272594237748996 0.002 0.0035)
(0.287738362068384 0.002 0.0035)
(0.302882486387773 0.002 0.0035)
(0.318026610707162 0.002 0.0035)
(0.33317073502655 0.002 0.0035)
(0.348314859345939 0.002 0.0035)
(0.363458983665328 0.002 0.0035)
(0.378603107984716 0.002 0.0035)
(0.393747232304105 0.002 0.0035)
(0.408891356623494 0.002 0.0035)
(0.424035480942882 0.002 0.0035)
(0.439179605262271 0.002 0.0035)
(0.45432372958166 0.002 0.0035)
(0.469467853901048 0.002 0.0035)
(0.484611978220437 0.002 0.0035)
(0.499756102539825 0.002 0.0035)
(0.514900226859214 0.002 0.0035)
(0.530044351178603 0.002 0.0035)
(0.545188475497992 0.002 0.0035)
(0.56033259981738 0.002 0.0035)
(0.575476724136769 0.002 0.0035)
(0.590620848456157 0.002 0.0035)
(0.605764972775546 0.002 0.0035)
(0 0.003 0.0035)
(0.0151441243193887 0.003 0.0035)
(0.0302882486387773 0.003 0.0035)
(0.045432372958166 0.003 0.0035)
(0.0605764972775546 0.003 0.0035)
(0.0757206215969433 0.003 0.0035)
(0.0908647459163319 0.003 0.0035)
(0.106008870235721 0.003 0.0035)
(0.121152994555109 0.003 0.0035)
(0.136297118874498 0.003 0.0035)
(0.151441243193887 0.003 0.0035)
(0.166585367513275 0.003 0.0035)
(0.181729491832664 0.003 0.0035)
(0.196873616152052 0.003 0.0035)
(0.212017740471441 0.003 0.0035)
(0.22716186479083 0.003 0.0035)
(0.242305989110218 0.003 0.0035)
(0.257450113429607 0.003 0.0035)
(0.272594237748996 0.003 0.0035)
(0.287738362068384 0.003 0.0035)
(0.302882486387773 0.003 0.0035)
(0.318026610707162 0.003 0.0035)
(0.33317073502655 0.003 0.0035)
(0.348314859345939 0.003 0.0035)
(0.363458983665328 0.003 0.0035)
(0.378603107984716 0.003 0.0035)
(0.393747232304105 0.003 0.0035)
(0.408891356623494 0.003 0.0035)
(0.424035480942882 0.003 0.0035)
(0.439179605262271 0.003 0.0035)
(0.45432372958166 0.003 0.0035)
(0.469467853901048 0.003 0.0035)
(0.484611978220437 0.003 0.0035)
(0.499756102539825 0.003 0.0035)
(0.514900226859214 0.003 0.0035)
(0.530044351178603 0.003 0.0035)
(0.545188475497992 0.003 0.0035)
(0.56033259981738 0.003 0.0035)
(0.575476724136769 0.003 0.0035)
(0.590620848456157 0.003 0.0035)
(0.605764972775546 0.003 0.0035)
(0 0.004 0.0035)
(0.0151441243193887 0.004 0.0035)
(0.0302882486387773 0.004 0.0035)
(0.045432372958166 0.004 0.0035)
(0.0605764972775546 0.004 0.0035)
(0.0757206215969433 0.004 0.0035)
(0.0908647459163319 0.004 0.0035)
(0.106008870235721 0.004 0.0035)
(0.121152994555109 0.004 0.0035)
(0.136297118874498 0.004 0.0035)
(0.151441243193887 0.004 0.0035)
(0.166585367513275 0.004 0.0035)
(0.181729491832664 0.004 0.0035)
(0.196873616152052 0.004 0.0035)
(0.212017740471441 0.004 0.0035)
(0.22716186479083 0.004 0.0035)
(0.242305989110218 0.004 0.0035)
(0.257450113429607 0.004 0.0035)
(0.272594237748996 0.004 0.0035)
(0.287738362068384 0.004 0.0035)
(0.302882486387773 0.004 0.0035)
(0.318026610707162 0.004 0.0035)
(0.33317073502655 0.004 0.0035)
(0.348314859345939 0.004 0.0035)
(0.363458983665328 0.004 0.0035)
(0.378603107984716 0.004 0.0035)
(0.393747232304105 0.004 0.0035)
(0.408891356623494 0.004 0.0035)
(0.424035480942882 0.004 0.0035)
(0.439179605262271 0.004 0.0035)
(0.45432372958166 0.004 0.0035)
(0.469467853901048 0.004 0.0035)
(0.484611978220437 0.004 0.0035)
(0.499756102539826 0.004 0.0035)
(0.514900226859214 0.004 0.0035)
(0.530044351178603 0.004 0.0035)
(0.545188475497992 0.004 0.0035)
(0.56033259981738 0.004 0.0035)
(0.575476724136769 0.004 0.0035)
(0.590620848456157 0.004 0.0035)
(0.605764972775546 0.004 0.0035)
(0 0.005 0.0035)
(0.0151441243193887 0.005 0.0035)
(0.0302882486387773 0.005 0.0035)
(0.045432372958166 0.005 0.0035)
(0.0605764972775546 0.005 0.0035)
(0.0757206215969433 0.005 0.0035)
(0.0908647459163319 0.005 0.0035)
(0.106008870235721 0.005 0.0035)
(0.121152994555109 0.005 0.0035)
(0.136297118874498 0.005 0.0035)
(0.151441243193887 0.005 0.0035)
(0.166585367513275 0.005 0.0035)
(0.181729491832664 0.005 0.0035)
(0.196873616152052 0.005 0.0035)
(0.212017740471441 0.005 0.0035)
(0.22716186479083 0.005 0.0035)
(0.242305989110218 0.005 0.0035)
(0.257450113429607 0.005 0.0035)
(0.272594237748996 0.005 0.0035)
(0.287738362068384 0.005 0.0035)
(0.302882486387773 0.005 0.0035)
(0.318026610707162 0.005 0.0035)
(0.33317073502655 0.005 0.0035)
(0.348314859345939 0.005 0.0035)
(0.363458983665328 0.005 0.0035)
(0.378603107984716 0.005 0.0035)
(0.393747232304105 0.005 0.0035)
(0.408891356623494 0.005 0.0035)
(0.424035480942882 0.005 0.0035)
(0.439179605262271 0.005 0.0035)
(0.45432372958166 0.005 0.0035)
(0.469467853901048 0.005 0.0035)
(0.484611978220437 0.005 0.0035)
(0.499756102539825 0.005 0.0035)
(0.514900226859214 0.005 0.0035)
(0.530044351178603 0.005 0.0035)
(0.545188475497992 0.005 0.0035)
(0.56033259981738 0.005 0.0035)
(0.575476724136769 0.005 0.0035)
(0.590620848456157 0.005 0.0035)
(0.605764972775546 0.005 0.0035)
(0 0.006 0.0035)
(0.0151441243193887 0.006 0.0035)
(0.0302882486387773 0.006 0.0035)
(0.045432372958166 0.006 0.0035)
(0.0605764972775546 0.006 0.0035)
(0.0757206215969433 0.006 0.0035)
(0.0908647459163319 0.006 0.0035)
(0.106008870235721 0.006 0.0035)
(0.121152994555109 0.006 0.0035)
(0.136297118874498 0.006 0.0035)
(0.151441243193887 0.006 0.0035)
(0.166585367513275 0.006 0.0035)
(0.181729491832664 0.006 0.0035)
(0.196873616152053 0.006 0.0035)
(0.212017740471441 0.006 0.0035)
(0.22716186479083 0.006 0.0035)
(0.242305989110218 0.006 0.0035)
(0.257450113429607 0.006 0.0035)
(0.272594237748996 0.006 0.0035)
(0.287738362068384 0.006 0.0035)
(0.302882486387773 0.006 0.0035)
(0.318026610707162 0.006 0.0035)
(0.33317073502655 0.006 0.0035)
(0.348314859345939 0.006 0.0035)
(0.363458983665328 0.006 0.0035)
(0.378603107984716 0.006 0.0035)
(0.393747232304105 0.006 0.0035)
(0.408891356623494 0.006 0.0035)
(0.424035480942882 0.006 0.0035)
(0.439179605262271 0.006 0.0035)
(0.45432372958166 0.006 0.0035)
(0.469467853901048 0.006 0.0035)
(0.484611978220437 0.006 0.0035)
(0.499756102539825 0.006 0.0035)
(0.514900226859214 0.006 0.0035)
(0.530044351178603 0.006 0.0035)
(0.545188475497992 0.006 0.0035)
(0.56033259981738 0.006 0.0035)
(0.575476724136769 0.006 0.0035)
(0.590620848456157 0.006 0.0035)
(0.605764972775546 0.006 0.0035)
(0 0.007 0.0035)
(0.0151441243193887 0.007 0.0035)
(0.0302882486387773 0.007 0.0035)
(0.045432372958166 0.007 0.0035)
(0.0605764972775546 0.007 0.0035)
(0.0757206215969433 0.007 0.0035)
(0.0908647459163319 0.007 0.0035)
(0.106008870235721 0.007 0.0035)
(0.121152994555109 0.007 0.0035)
(0.136297118874498 0.007 0.0035)
(0.151441243193887 0.007 0.0035)
(0.166585367513275 0.007 0.0035)
(0.181729491832664 0.007 0.0035)
(0.196873616152052 0.007 0.0035)
(0.212017740471441 0.007 0.0035)
(0.22716186479083 0.007 0.0035)
(0.242305989110218 0.007 0.0035)
(0.257450113429607 0.007 0.0035)
(0.272594237748996 0.007 0.0035)
(0.287738362068384 0.007 0.0035)
(0.302882486387773 0.007 0.0035)
(0.318026610707162 0.007 0.0035)
(0.33317073502655 0.007 0.0035)
(0.348314859345939 0.007 0.0035)
(0.363458983665328 0.007 0.0035)
(0.378603107984716 0.007 0.0035)
(0.393747232304105 0.007 0.0035)
(0.408891356623494 0.007 0.0035)
(0.424035480942882 0.007 0.0035)
(0.439179605262271 0.007 0.0035)
(0.45432372958166 0.007 0.0035)
(0.469467853901048 0.007 0.0035)
(0.484611978220437 0.007 0.0035)
(0.499756102539825 0.007 0.0035)
(0.514900226859214 0.007 0.0035)
(0.530044351178603 0.007 0.0035)
(0.545188475497992 0.007 0.0035)
(0.56033259981738 0.007 0.0035)
(0.575476724136769 0.007 0.0035)
(0.590620848456157 0.007 0.0035)
(0.605764972775546 0.007 0.0035)
(0 0.008 0.0035)
(0.0151441243193887 0.008 0.0035)
(0.0302882486387773 0.008 0.0035)
(0.045432372958166 0.008 0.0035)
(0.0605764972775546 0.008 0.0035)
(0.0757206215969433 0.008 0.0035)
(0.0908647459163319 0.008 0.0035)
(0.106008870235721 0.008 0.0035)
(0.121152994555109 0.008 0.0035)
(0.136297118874498 0.008 0.0035)
(0.151441243193887 0.008 0.0035)
(0.166585367513275 0.008 0.0035)
(0.181729491832664 0.008 0.0035)
(0.196873616152052 0.008 0.0035)
(0.212017740471441 0.008 0.0035)
(0.22716186479083 0.008 0.0035)
(0.242305989110218 0.008 0.0035)
(0.257450113429607 0.008 0.0035)
(0.272594237748996 0.008 0.0035)
(0.287738362068384 0.008 0.0035)
(0.302882486387773 0.008 0.0035)
(0.318026610707162 0.008 0.0035)
(0.33317073502655 0.008 0.0035)
(0.348314859345939 0.008 0.0035)
(0.363458983665328 0.008 0.0035)
(0.378603107984716 0.008 0.0035)
(0.393747232304105 0.008 0.0035)
(0.408891356623494 0.008 0.0035)
(0.424035480942882 0.008 0.0035)
(0.439179605262271 0.008 0.0035)
(0.45432372958166 0.008 0.0035)
(0.469467853901048 0.008 0.0035)
(0.484611978220437 0.008 0.0035)
(0.499756102539825 0.008 0.0035)
(0.514900226859214 0.008 0.0035)
(0.530044351178603 0.008 0.0035)
(0.545188475497992 0.008 0.0035)
(0.56033259981738 0.008 0.0035)
(0.575476724136769 0.008 0.0035)
(0.590620848456157 0.008 0.0035)
(0.605764972775546 0.008 0.0035)
)


// ************************************************************************* //
