/*--------------------------------*- C++ -*----------------------------------*\
  =========                 |
  \\      /  F ield         | OpenFOAM: The Open Source CFD Toolbox
   \\    /   O peration     | Website:  https://openfoam.org
    \\  /    A nd           | Version:  14
     \\/     M anipulation  |
\*---------------------------------------------------------------------------*/
FoamFile
{
    format      ascii;
    class       volScalarField;
    location    "59";
    object      p;
}
// * * * * * * * * * * * * * * * * * * * * * * * * * * * * * * * * * * * * * //

dimensions      [0 2 -2 0 0 0 0];

internalField   nonuniform List<scalar> 
1280
(
3.170571
3.07395
2.9738862
2.8952505
2.8217209
2.7428691
2.660594
2.5782779
2.4963855
2.4142642
2.3317416
2.2490404
2.1663397
2.0836941
2.0011302
1.9186926
1.8364309
1.7543848
1.6725854
1.5910592
1.5098302
1.4289191
1.3483433
1.2681176
1.1882541
1.1087633
1.0296535
0.95093142
0.87260228
0.79467009
0.71713741
0.64000653
0.56327661
0.48695285
0.41101845
0.33552268
0.26030482
0.18581601
0.11078331
0.035982793
3.1688815
3.0736218
2.9737406
2.8951242
2.8216361
2.7428118
2.6605546
2.5782532
2.4963727
2.4142604
2.3317445
2.2490483
2.1663514
2.0837085
2.0011465
1.9187104
1.8364496
1.7544042
1.672605
1.591079
1.50985
1.4289387
1.3483627
1.2681366
1.1882728
1.1087815
1.0296713
0.95094876
0.87261916
0.79468652
0.71715338
0.64002206
0.5632917
0.4869675
0.41103286
0.33553592
0.26031958
0.18582031
0.11069393
0.036157915
3.1683207
3.0740594
2.9740471
2.8952941
2.821766
2.7429089
2.660623
2.5783005
2.4964043
2.4142801
2.3317553
2.2490525
2.1663507
2.0837043
2.0011398
1.9187019
1.83644
1.7543938
1.6725943
1.5910681
1.5098392
1.428928
1.3483523
1.2681265
1.1882631
1.1087723
1.0296624
0.95094032
0.87261114
0.79467891
0.71714618
0.64001524
0.56328526
0.48696141
0.41102709
0.33553053
0.2603134
0.1858128
0.11062874
0.036273891
3.1680722
3.0741174
2.9739505
2.8951521
2.8216591
2.742832
2.6605665
2.5782596
2.4963753
2.4142601
2.331742
2.2490443
2.1663464
2.083703
2.0011408
1.9187045
1.8364438
1.7543985
1.6725997
1.5910739
1.5098452
1.4289343
1.3483586
1.2681329
1.1882694
1.1087785
1.0296686
0.95094637
0.87261707
0.79468469
0.71715182
0.64002072
0.56329059
0.48696659
0.41103213
0.33553547
0.26031732
0.18581714
0.11060734
0.036327766
3.1680722
3.0741174
2.9739505
2.8951521
2.8216591
2.742832
2.6605665
2.5782596
2.4963753
2.4142601
2.331742
2.2490443
2.1663464
2.083703
2.0011408
1.9187045
1.8364438
1.7543985
1.6725997
1.5910739
1.5098452
1.4289343
1.3483586
1.2681329
1.1882694
1.1087785
1.0296686
0.95094637
0.87261707
0.79468469
0.71715181
0.64002071
0.56329059
0.48696658
0.41103213
0.33553547
0.26031732
0.18581712
0.11060738
0.036327855
3.1683207
3.0740594
2.9740471
2.8952941
2.821766
2.7429089
2.660623
2.5783005
2.4964043
2.4142801
2.3317553
2.2490525
2.1663507
2.0837043
2.0011398
1.9187019
1.83644
1.7543938
1.6725943
1.5910681
1.5098392
1.4289281
1.3483523
1.2681265
1.1882631
1.1087723
1.0296624
0.95094033
0.87261115
0.79467891
0.71714619
0.64001523
0.56328526
0.4869614
0.4110271
0.33553052
0.26031341
0.18581272
0.11062883
0.036274193
3.1688815
3.0736218
2.9737406
2.8951242
2.8216361
2.7428118
2.6605546
2.5782532
2.4963727
2.4142604
2.3317445
2.2490483
2.1663514
2.0837085
2.0011465
1.9187104
1.8364496
1.7544041
1.672605
1.591079
1.50985
1.4289387
1.3483627
1.2681366
1.1882728
1.1087815
1.0296713
0.95094876
0.87261917
0.79468651
0.71715339
0.64002204
0.5632917
0.48696748
0.41103287
0.3355359
0.26031959
0.18582018
0.11069405
0.036158321
3.170571
3.07395
2.9738862
2.8952505
2.8217209
2.7428691
2.660594
2.5782779
2.4963855
2.4142642
2.3317416
2.2490404
2.1663397
2.0836941
2.0011302
1.9186926
1.8364309
1.7543848
1.6725854
1.5910592
1.5098302
1.4289191
1.3483433
1.2681176
1.1882541
1.1087633
1.0296535
0.95093144
0.8726023
0.7946701
0.71713743
0.64000652
0.56327661
0.48695282
0.41101846
0.33552266
0.26030485
0.18581589
0.11078351
0.035983077
3.1694155
3.0736776
2.9738775
2.8952918
2.8217615
2.7429019
2.6606208
2.5783011
2.4964063
2.4142831
2.3317588
2.249056
2.166354
2.0837072
2.0011421
1.9187036
1.836441
1.7543942
1.6725941
1.5910673
1.5098377
1.428926
1.3483498
1.2681236
1.1882597
1.1087685
1.0296584
0.95093599
0.87260656
0.79467411
0.71714118
0.64001007
0.56327993
0.48695596
0.41102141
0.33552533
0.26030791
0.18581769
0.11075722
0.036025579
3.1677238
3.0733516
2.9737396
2.8951759
2.8216879
2.7428558
2.6605925
2.5782871
2.4964039
2.4142893
2.3317714
2.2490732
2.1663746
2.0837301
2.0011668
1.9187293
1.8364674
1.7544209
1.6726208
1.5910938
1.509864
1.4289519
1.3483752
1.2681484
1.188284
1.1087922
1.0296815
0.95095845
0.8726284
0.79469534
0.71716181
0.64003012
0.56329942
0.48697489
0.41104
0.33554249
0.26032732
0.18582402
0.11064269
0.036248298
3.1671659
3.0737938
2.9740505
2.8953486
2.821819
2.742953
2.66066
2.578333
2.4964337
2.414307
2.33178
2.2490752
2.1663716
2.0837237
2.0011579
1.9187188
1.8364557
1.7544086
1.6726081
1.5910811
1.5098514
1.4289396
1.3483632
1.2681368
1.1882728
1.1087815
1.0296712
0.95094867
0.87261909
0.79468649
0.71715341
0.64002214
0.56329186
0.48696772
0.41103319
0.33553612
0.26032011
0.18581536
0.11057914
0.036362257
3.1669177
3.07385
2.9739508
2.8952034
2.8217097
2.7428746
2.6606028
2.578292
2.4964049
2.4142874
2.3317673
2.2490677
2.1663682
2.0837232
2.0011596
1.9187221
1.8364602
1.7544139
1.6726141
1.5910875
1.509858
1.4289463
1.34837
1.2681436
1.1882796
1.1087882
1.0296778
0.9509551
0.87262537
0.79469261
0.71715936
0.64002793
0.56329749
0.48697318
0.41103849
0.33554132
0.26032424
0.18582017
0.11055873
0.036414103
3.1669177
3.07385
2.9739508
2.8952034
2.8217097
2.7428746
2.6606028
2.578292
2.4964049
2.4142874
2.3317673
2.2490677
2.1663682
2.0837232
2.0011596
1.9187221
1.8364602
1.7544139
1.6726141
1.5910875
1.509858
1.4289463
1.34837
1.2681436
1.1882796
1.1087882
1.0296778
0.9509551
0.87262537
0.7946926
0.71715936
0.64002792
0.56329748
0.48697317
0.41103849
0.33554131
0.26032424
0.18582014
0.11055876
0.036414199
3.1671659
3.0737938
2.9740505
2.8953486
2.821819
2.742953
2.66066
2.578333
2.4964337
2.414307
2.33178
2.2490752
2.1663716
2.0837237
2.0011579
1.9187188
1.8364557
1.7544086
1.6726081
1.5910811
1.5098514
1.4289396
1.3483632
1.2681368
1.1882728
1.1087815
1.0296712
0.95094868
0.8726191
0.79468649
0.71715341
0.64002214
0.56329186
0.48696771
0.4110332
0.33553611
0.26032012
0.18581528
0.11057923
0.036362568
3.1677238
3.0733516
2.9737396
2.8951759
2.8216879
2.7428558
2.6605925
2.5782871
2.4964039
2.4142893
2.3317714
2.2490732
2.1663746
2.0837301
2.0011668
1.9187293
1.8364674
1.7544209
1.6726208
1.5910938
1.509864
1.4289519
1.3483752
1.2681484
1.188284
1.1087922
1.0296815
0.95095846
0.87262841
0.79469533
0.71716181
0.6400301
0.56329942
0.48697487
0.41104001
0.33554247
0.26032734
0.1858239
0.11064281
0.036248691
3.1694155
3.0736776
2.9738775
2.8952918
2.8217615
2.7429019
2.6606208
2.5783011
2.4964063
2.4142831
2.3317588
2.249056
2.166354
2.0837072
2.0011421
1.9187036
1.8364411
1.7543942
1.6725941
1.5910673
1.5098377
1.428926
1.3483498
1.2681236
1.1882597
1.1087686
1.0296584
0.95093601
0.87260658
0.79467411
0.71714119
0.64001006
0.56327993
0.48695594
0.41102142
0.33552531
0.26030794
0.18581758
0.11075743
0.036025856
3.1694155
3.0736776
2.9738775
2.8952918
2.8217615
2.7429019
2.6606208
2.5783011
2.4964063
2.4142831
2.3317588
2.249056
2.166354
2.0837072
2.0011421
1.9187036
1.836441
1.7543942
1.6725941
1.5910673
1.5098377
1.428926
1.3483498
1.2681236
1.1882597
1.1087685
1.0296584
0.95093599
0.87260656
0.79467411
0.71714117
0.64001006
0.56327992
0.48695595
0.41102139
0.33552531
0.2603079
0.18581767
0.1107572
0.036025614
3.1677238
3.0733516
2.9737396
2.8951759
2.8216879
2.7428558
2.6605925
2.5782871
2.4964039
2.4142893
2.3317714
2.2490732
2.1663746
2.0837301
2.0011668
1.9187293
1.8364674
1.7544209
1.6726208
1.5910938
1.509864
1.4289519
1.3483752
1.2681484
1.188284
1.1087922
1.0296815
0.95095845
0.8726284
0.79469533
0.7171618
0.6400301
0.56329941
0.48697487
0.41103999
0.33554247
0.2603273
0.18582398
0.11064264
0.036248411
3.1671659
3.0737938
2.9740505
2.8953486
2.821819
2.742953
2.66066
2.578333
2.4964337
2.414307
2.33178
2.2490752
2.1663716
2.0837237
2.0011579
1.9187188
1.8364557
1.7544086
1.6726081
1.5910811
1.5098514
1.4289396
1.3483632
1.2681368
1.1882728
1.1087815
1.0296712
0.95094867
0.87261909
0.79468648
0.7171534
0.64002213
0.56329185
0.48696771
0.41103317
0.3355361
0.26032009
0.18581531
0.11057912
0.036362392
3.1669177
3.07385
2.9739508
2.8952034
2.8217097
2.7428746
2.6606028
2.578292
2.4964049
2.4142874
2.3317673
2.2490677
2.1663682
2.0837232
2.0011596
1.9187221
1.8364602
1.7544139
1.6726141
1.5910875
1.509858
1.4289463
1.34837
1.2681436
1.1882796
1.1087882
1.0296778
0.9509551
0.87262537
0.7946926
0.71715936
0.64002792
0.56329747
0.48697317
0.41103847
0.3355413
0.26032422
0.18582012
0.11055872
0.036414256
3.1669177
3.07385
2.9739508
2.8952034
2.8217097
2.7428746
2.6606028
2.578292
2.4964049
2.4142874
2.3317673
2.2490677
2.1663682
2.0837232
2.0011596
1.9187221
1.8364602
1.7544139
1.6726141
1.5910875
1.509858
1.4289463
1.34837
1.2681436
1.1882796
1.1087882
1.0296778
0.9509551
0.87262537
0.7946926
0.71715936
0.64002791
0.56329747
0.48697316
0.41103847
0.33554129
0.26032422
0.18582009
0.11055874
0.036414363
3.1671659
3.0737938
2.9740505
2.8953486
2.821819
2.742953
2.66066
2.578333
2.4964337
2.414307
2.33178
2.2490752
2.1663716
2.0837237
2.0011579
1.9187188
1.8364557
1.7544086
1.6726081
1.5910811
1.5098514
1.4289396
1.3483632
1.2681368
1.1882728
1.1087815
1.0296712
0.95094868
0.8726191
0.79468648
0.71715341
0.64002213
0.56329185
0.4869677
0.41103318
0.3355361
0.2603201
0.18581523
0.11057921
0.036362688
3.1677238
3.0733516
2.9737396
2.8951759
2.8216879
2.7428558
2.6605925
2.5782871
2.4964039
2.4142893
2.3317714
2.2490732
2.1663746
2.0837301
2.0011668
1.9187293
1.8364674
1.7544209
1.6726208
1.5910938
1.509864
1.4289519
1.3483752
1.2681484
1.188284
1.1087922
1.0296815
0.95095845
0.8726284
0.79469533
0.71716181
0.64003009
0.56329941
0.48697485
0.41104
0.33554245
0.26032732
0.18582386
0.11064275
0.036248811
3.1694155
3.0736776
2.9738775
2.8952918
2.8217615
2.7429019
2.6606208
2.5783011
2.4964063
2.4142831
2.3317588
2.249056
2.166354
2.0837072
2.0011421
1.9187036
1.8364411
1.7543942
1.6725941
1.5910673
1.5098377
1.428926
1.3483498
1.2681236
1.1882597
1.1087686
1.0296584
0.95093601
0.87260658
0.79467411
0.71714119
0.64001005
0.56327992
0.48695593
0.41102141
0.3355253
0.26030793
0.18581755
0.11075738
0.036025923
3.170571
3.07395
2.9738862
2.8952505
2.8217209
2.7428691
2.660594
2.5782779
2.4963855
2.4142642
2.3317416
2.2490404
2.1663397
2.0836941
2.0011302
1.9186926
1.8364309
1.7543849
1.6725854
1.5910592
1.5098302
1.4289191
1.3483433
1.2681176
1.1882541
1.1087633
1.0296535
0.95093141
0.87260227
0.79467008
0.7171374
0.64000651
0.56327658
0.48695281
0.41101841
0.33552263
0.26030477
0.18581593
0.11078321
0.035982897
3.1688815
3.0736218
2.9737406
2.8951242
2.8216361
2.7428118
2.6605546
2.5782532
2.4963727
2.4142604
2.3317445
2.2490483
2.1663514
2.0837085
2.0011465
1.9187104
1.8364496
1.7544042
1.672605
1.591079
1.50985
1.4289387
1.3483627
1.2681366
1.1882728
1.1087815
1.0296713
0.95094875
0.87261914
0.79468649
0.71715335
0.64002201
0.56329165
0.48696744
0.4110328
0.33553584
0.26031949
0.18582017
0.11069377
0.036158155
3.1683207
3.0740594
2.9740471
2.8952941
2.821766
2.7429089
2.660623
2.5783005
2.4964043
2.4142801
2.3317553
2.2490525
2.1663507
2.0837043
2.0011398
1.9187019
1.83644
1.7543938
1.6725943
1.5910681
1.5098392
1.428928
1.3483523
1.2681265
1.1882631
1.1087723
1.0296624
0.95094031
0.87261112
0.79467888
0.71714615
0.64001519
0.56328521
0.48696135
0.41102703
0.33553046
0.26031331
0.18581264
0.11062865
0.036274224
3.1680722
3.0741174
2.9739505
2.8951521
2.8216591
2.742832
2.6605665
2.5782596
2.4963753
2.4142601
2.331742
2.2490443
2.1663464
2.083703
2.0011408
1.9187045
1.8364438
1.7543985
1.6725997
1.5910739
1.5098452
1.4289343
1.3483586
1.2681329
1.1882694
1.1087785
1.0296686
0.95094636
0.87261704
0.79468466
0.71715178
0.64002067
0.56329054
0.48696652
0.41103206
0.33553539
0.26031722
0.18581696
0.11060725
0.036328149
3.1680722
3.0741174
2.9739505
2.8951521
2.8216591
2.742832
2.6605665
2.5782596
2.4963753
2.4142601
2.331742
2.2490443
2.1663464
2.083703
2.0011408
1.9187045
1.8364438
1.7543985
1.6725997
1.5910739
1.5098452
1.4289343
1.3483586
1.2681329
1.1882694
1.1087785
1.0296686
0.95094636
0.87261704
0.79468466
0.71715178
0.64002067
0.56329054
0.48696652
0.41103206
0.33553539
0.26031722
0.18581694
0.11060728
0.036328251
3.1683207
3.0740594
2.9740471
2.8952941
2.821766
2.7429089
2.660623
2.5783005
2.4964043
2.4142801
2.3317553
2.2490525
2.1663507
2.0837043
2.0011398
1.9187019
1.83644
1.7543938
1.6725943
1.5910682
1.5098392
1.4289281
1.3483523
1.2681265
1.1882631
1.1087723
1.0296624
0.95094032
0.87261113
0.79467888
0.71714615
0.64001519
0.56328521
0.48696134
0.41102704
0.33553045
0.26031333
0.18581257
0.11062872
0.036274514
3.1688815
3.0736218
2.9737406
2.8951242
2.8216361
2.7428118
2.6605546
2.5782532
2.4963727
2.4142604
2.3317445
2.2490483
2.1663514
2.0837085
2.0011465
1.9187104
1.8364496
1.7544041
1.672605
1.591079
1.50985
1.4289387
1.3483627
1.2681366
1.1882728
1.1087815
1.0296713
0.95094875
0.87261915
0.79468649
0.71715336
0.640022
0.56329166
0.48696742
0.41103281
0.33553583
0.26031951
0.18582005
0.11069387
0.036158533
3.170571
3.07395
2.9738862
2.8952505
2.8217209
2.7428691
2.660594
2.5782779
2.4963855
2.4142642
2.3317416
2.2490404
2.1663397
2.0836941
2.0011302
1.9186926
1.8364309
1.7543848
1.6725854
1.5910592
1.5098303
1.4289191
1.3483434
1.2681176
1.1882541
1.1087633
1.0296535
0.95093143
0.87260229
0.79467008
0.71713741
0.6400065
0.56327658
0.48695279
0.41101842
0.33552262
0.2603048
0.18581581
0.11078339
0.03598321
)
;

boundaryField
{
    inlet
    {
        type            zeroGradient;
    }
    outlet
    {
        type            fixedValue;
        value           uniform 0;
    }
    walls
    {
        type            zeroGradient;
    }
}


// ************************************************************************* //
