/*--------------------------------*- C++ -*----------------------------------*\
  =========                 |
  \\      /  F ield         | OpenFOAM: The Open Source CFD Toolbox
   \\    /   O peration     | Website:  https://openfoam.org
    \\  /    A nd           | Version:  14
     \\/     M anipulation  |
\*---------------------------------------------------------------------------*/
FoamFile
{
    format      ascii;
    class       surfaceScalarField;
    location    "59";
    object      phi;
}
// * * * * * * * * * * * * * * * * * * * * * * * * * * * * * * * * * * * * * //

dimensions      [0 3 -1 0 0 0 0];

internalField   nonuniform List<scalar> 
3328
(
7.7043843e-07
2.918771e-09
7.8928062e-09
7.5982566e-07
2.9972748e-09
7.6154985e-09
7.4959639e-07
2.9138963e-09
7.3153689e-09
7.3971636e-07
2.8766916e-09
7.0033423e-09
7.3021405e-07
2.8138655e-09
6.6884457e-09
7.2107907e-07
2.7426769e-09
6.3923016e-09
7.1228733e-07
2.6732359e-09
6.1185006e-09
7.0382029e-07
2.6043175e-09
5.862721e-09
6.9566304e-07
2.5352159e-09
5.6220278e-09
6.8780115e-07
2.4664285e-09
5.3954678e-09
6.8022055e-07
2.3983748e-09
5.1822248e-09
6.7290826e-07
2.3311653e-09
4.981129e-09
6.6585241e-07
2.2648228e-09
4.7910299e-09
6.59042e-07
2.1994103e-09
4.6109992e-09
6.5246672e-07
2.1350163e-09
4.4402698e-09
6.4611685e-07
2.0717181e-09
4.2781545e-09
6.3998324e-07
2.009576e-09
4.1240243e-09
6.3405728e-07
1.9486438e-09
3.9773164e-09
6.2833078e-07
1.888969e-09
3.8375254e-09
6.2279598e-07
1.8305942e-09
3.7041981e-09
6.1744549e-07
1.7735553e-09
3.5769231e-09
6.1227227e-07
1.7178828e-09
3.4553271e-09
6.0726959e-07
1.6636007e-09
3.3390705e-09
6.0243101e-07
1.6107258e-09
3.2278416e-09
5.9775037e-07
1.559268e-09
3.1213562e-09
5.9322178e-07
1.509229e-09
3.0193513e-09
5.8883958e-07
1.4606051e-09
2.9215866e-09
5.8459834e-07
1.4133861e-09
2.8278402e-09
5.8049286e-07
1.3675562e-09
2.7379071e-09
5.7651814e-07
1.3230937e-09
2.6515985e-09
5.7266941e-07
1.2799698e-09
2.5687384e-09
5.6894207e-07
1.2381548e-09
2.4891652e-09
5.6533171e-07
1.1976029e-09
2.4127339e-09
5.6183412e-07
1.1582986e-09
2.3392699e-09
5.5844509e-07
1.1201889e-09
2.2688254e-09
5.5516266e-07
1.0823682e-09
2.2000607e-09
5.5196571e-07
1.0557656e-09
2.1411505e-09
5.4895709e-07
9.7546957e-10
2.033154e-09
5.4529028e-07
1.3393772e-09
2.3273601e-09
6.5455124e-10
1.671885e-09
7.7532092e-07
9.4539858e-10
7.9024672e-09
7.6961889e-07
1.0604064e-09
7.6388905e-09
7.641773e-07
1.0106828e-09
7.3448056e-09
7.5898553e-07
1.0319253e-09
7.0365351e-09
7.5404003e-07
1.0357108e-09
6.7236559e-09
7.4932105e-07
1.0334701e-09
6.4281842e-09
7.4480704e-07
1.0329864e-09
6.1542515e-09
7.4048069e-07
1.0325e-09
5.8981665e-09
7.3632745e-07
1.0310615e-09
5.6573987e-09
7.3233407e-07
1.0286747e-09
5.4311337e-09
7.2848846e-07
1.0253932e-09
5.2185941e-09
7.247798e-07
1.0211893e-09
5.0186362e-09
7.2119848e-07
1.016029e-09
4.8301143e-09
7.1773591e-07
1.0099163e-09
4.6520726e-09
7.1438434e-07
1.0028887e-09
4.4836962e-09
7.1113682e-07
9.9499497e-10
4.3242445e-09
7.0798707e-07
9.8628676e-10
4.1730361e-09
7.0492943e-07
9.7682173e-10
4.0294569e-09
7.0195879e-07
9.6665856e-10
3.8929528e-09
6.9907049e-07
9.5585948e-10
3.7630253e-09
6.9626033e-07
9.4448688e-10
3.6392215e-09
6.9352447e-07
9.3260501e-10
3.5211314e-09
6.908594e-07
9.2027566e-10
3.4083821e-09
6.8826193e-07
9.0755827e-10
3.3006332e-09
6.8572911e-07
8.9450925e-10
3.1975743e-09
6.8325823e-07
8.8118083e-10
3.0989199e-09
6.808468e-07
8.6762327e-10
3.004409e-09
6.784925e-07
8.538839e-10
2.9138011e-09
6.7619317e-07
8.400064e-10
2.8268744e-09
6.739468e-07
8.2603061e-10
2.7434243e-09
6.717515e-07
8.1199279e-10
2.6632593e-09
6.6960553e-07
7.9791705e-10
2.5862042e-09
6.6750716e-07
7.8387672e-10
2.5120917e-09
6.6545502e-07
7.696723e-10
2.4407596e-09
6.6344667e-07
7.5638024e-10
2.3721567e-09
6.6148501e-07
7.3904014e-10
2.3049985e-09
6.5955019e-07
7.4102991e-10
2.2495472e-09
6.5773794e-07
6.6895924e-10
2.1187985e-09
6.5547208e-07
9.3860905e-10
2.6665408e-09
5.0799931e-10
1.5839635e-09
7.7383999e-07
4.6170953e-10
7.8937125e-09
7.6678028e-07
5.3466249e-10
7.5854517e-09
7.6003664e-07
5.0476266e-10
7.2495638e-09
7.5363739e-07
5.1955154e-10
6.9116226e-09
7.4757226e-07
5.220786e-10
6.5787542e-09
7.4181497e-07
5.1984032e-10
6.2709145e-09
7.3633959e-07
5.1810726e-10
5.9902644e-09
7.3112471e-07
5.1593339e-10
5.7314412e-09
7.2615213e-07
5.1294805e-10
5.4906951e-09
7.2140512e-07
5.0932921e-10
5.2663496e-09
7.1686828e-07
5.052287e-10
5.057011e-09
7.1252766e-07
5.0071375e-10
4.8610944e-09
7.0837073e-07
4.9582035e-10
4.6771425e-09
7.0438609e-07
4.9058349e-10
4.5039821e-09
7.0056329e-07
4.8504212e-10
4.3406491e-09
6.9689275e-07
4.7923155e-10
4.1863e-09
6.9336567e-07
4.7318154e-10
4.0401841e-09
6.8997393e-07
4.669213e-10
3.9016404e-09
6.8671002e-07
4.6047479e-10
3.7700845e-09
6.8356702e-07
4.5386665e-10
3.6449981e-09
6.8053846e-07
4.4711998e-10
3.5259164e-09
6.7761838e-07
4.4025995e-10
3.4124223e-09
6.748012e-07
4.3330892e-10
3.3041391e-09
6.7208175e-07
4.262877e-10
3.2007252e-09
6.6945517e-07
4.1921545e-10
3.1018704e-09
6.6691696e-07
4.1210869e-10
3.0072908e-09
6.6446288e-07
4.0498429e-10
2.9167276e-09
6.6208896e-07
3.9785844e-10
2.8299434e-09
6.5979151e-07
3.9074585e-10
2.7467194e-09
6.5756704e-07
3.8365991e-10
2.6668551e-09
6.5541226e-07
3.7661246e-10
2.5901633e-09
6.5332412e-07
3.6960709e-10
2.516473e-09
6.5129969e-07
3.6269201e-10
2.4456254e-09
6.4933625e-07
3.5569409e-10
2.377449e-09
6.4743131e-07
3.4939103e-10
2.3119609e-09
6.4558218e-07
3.4051018e-10
2.247702e-09
6.4378541e-07
3.4285828e-10
2.1949747e-09
6.4207734e-07
3.0660511e-10
2.0705273e-09
6.3997532e-07
4.2980785e-10
2.6109932e-09
2.4036288e-10
1.5265064e-09
7.7381795e-07
5.7279644e-17
7.8937678e-09
7.6675438e-07
1.5875977e-16
7.5982362e-09
7.599763e-07
-3.9820222e-17
7.2828382e-09
7.5353275e-07
-2.5474199e-16
6.9631043e-09
7.4741279e-07
-4.795802e-16
6.6420392e-09
7.4159233e-07
-5.2869092e-16
6.3402952e-09
7.3604892e-07
-1.7735464e-16
6.0615182e-09
7.3076324e-07
-3.1222524e-17
5.8016084e-09
7.2571839e-07
-1.9351856e-16
5.5577969e-09
7.2089859e-07
-1.1871398e-15
5.3291285e-09
7.1628911e-07
-9.8019288e-16
5.1147194e-09
7.1187648e-07
-8.6355149e-16
4.91334e-09
7.0764853e-07
-9.9491211e-16
4.7237781e-09
7.0359409e-07
-1.9353044e-15
4.5450275e-09
6.997029e-07
-3.3540117e-15
4.3762343e-09
6.9596552e-07
-5.1218495e-15
4.2166252e-09
6.9237321e-07
-7.3326843e-15
4.0654915e-09
6.8891795e-07
-7.5944567e-15
3.9221949e-09
6.8559226e-07
-8.3375436e-15
3.7861606e-09
6.8238927e-07
-1.019984e-14
3.6568711e-09
6.7930254e-07
-1.4279669e-14
3.533856e-09
6.7632613e-07
-1.8190692e-14
3.416689e-09
6.7345447e-07
-2.138496e-14
3.3049817e-09
6.7068241e-07
-2.3786418e-14
3.1983796e-09
6.6800509e-07
-2.5568825e-14
3.0965594e-09
6.6541802e-07
-2.8539361e-14
2.9992238e-09
6.6291694e-07
-3.2453904e-14
2.9061009e-09
6.6049791e-07
-3.6577459e-14
2.8169403e-09
6.581572e-07
-4.0226951e-14
2.731511e-09
6.5589132e-07
-4.2078708e-14
2.6496004e-09
6.5369698e-07
-4.3939368e-14
2.5710105e-09
6.515711e-07
-4.1740814e-14
2.4955595e-09
6.4951078e-07
-3.9118606e-14
2.4230785e-09
6.4751316e-07
-3.2218462e-14
2.3533894e-09
6.4557613e-07
-2.9594745e-14
2.2864896e-09
6.4369579e-07
-2.0874032e-14
2.220931e-09
6.418716e-07
-2.091824e-14
2.1671208e-09
6.4013749e-07
-6.355903e-15
2.0408527e-09
6.3799457e-07
4.4529203e-14
2.5729394e-09
-2.3729376e-13
1.5090274e-09
7.7381795e-07
-4.6170942e-10
7.8937678e-09
7.6675438e-07
-5.3466219e-10
7.5982362e-09
7.599763e-07
-5.0476274e-10
7.2828382e-09
7.5353275e-07
-5.1955204e-10
6.9631043e-09
7.4741279e-07
-5.2207953e-10
6.6420392e-09
7.4159233e-07
-5.1984131e-10
6.3402953e-09
7.3604892e-07
-5.1810767e-10
6.0615183e-09
7.3076324e-07
-5.1593356e-10
5.8016085e-09
7.2571839e-07
-5.129484e-10
5.5577971e-09
7.2089859e-07
-5.0933142e-10
5.3291289e-09
7.1628911e-07
-5.0523061e-10
5.1147199e-09
7.1187648e-07
-5.0071549e-10
4.9133406e-09
7.0764853e-07
-4.9582229e-10
4.7237788e-09
7.0359409e-07
-4.9058725e-10
4.5450285e-09
6.997029e-07
-4.8504868e-10
4.3762357e-09
6.9596551e-07
-4.7924157e-10
4.216627e-09
6.923732e-07
-4.7319582e-10
4.0654938e-09
6.8891793e-07
-4.6693629e-10
3.9221975e-09
6.8559225e-07
-4.6049146e-10
3.7861635e-09
6.8238925e-07
-4.5388706e-10
3.6568743e-09
6.7930252e-07
-4.4714825e-10
3.5338598e-09
6.763261e-07
-4.4029575e-10
3.4166934e-09
6.7345444e-07
-4.3335095e-10
3.3049864e-09
6.7068237e-07
-4.263346e-10
3.1983844e-09
6.6800505e-07
-4.1926607e-10
3.096564e-09
6.6541797e-07
-4.1216526e-10
2.9992282e-09
6.6291689e-07
-4.0504843e-10
2.906105e-09
6.6049785e-07
-3.979306e-10
2.8169439e-09
6.5815714e-07
-3.9082504e-10
2.7315139e-09
6.5589125e-07
-3.8374278e-10
2.649602e-09
6.5369692e-07
-3.7669873e-10
2.5710108e-09
6.5157103e-07
-3.6968906e-10
2.495558e-09
6.4951072e-07
-3.6276841e-10
2.4230751e-09
6.475131e-07
-3.5575672e-10
2.3533838e-09
6.4557608e-07
-3.4944742e-10
2.2864821e-09
6.4369574e-07
-3.4054833e-10
2.220922e-09
6.4187156e-07
-3.4289852e-10
2.1671094e-09
6.4013745e-07
-3.0660793e-10
2.0408427e-09
6.3799452e-07
-4.2968656e-10
2.572959e-09
-2.4083439e-10
1.5090203e-09
7.7383999e-07
-9.4539847e-10
7.8937125e-09
7.6678028e-07
-1.0604061e-09
7.5854518e-09
7.6003664e-07
-1.0106829e-09
7.2495638e-09
7.5363739e-07
-1.0319257e-09
6.9116227e-09
7.4757226e-07
-1.0357117e-09
6.5787544e-09
7.4181497e-07
-1.033471e-09
6.2709147e-09
7.3633959e-07
-1.032987e-09
5.9902646e-09
7.3112471e-07
-1.0325005e-09
5.7314413e-09
7.2615213e-07
-1.0310619e-09
5.4906953e-09
7.2140512e-07
-1.0286767e-09
5.2663503e-09
7.1686828e-07
-1.0253953e-09
5.057012e-09
7.1252766e-07
-1.0211915e-09
4.8610956e-09
7.0837073e-07
-1.0160315e-09
4.677144e-09
7.0438608e-07
-1.0099207e-09
4.5039843e-09
7.0056328e-07
-1.0028961e-09
4.3406523e-09
6.9689274e-07
-9.9500598e-10
4.1863045e-09
6.9336566e-07
-9.863023e-10
4.0401899e-09
6.8997391e-07
-9.7683914e-10
3.9016471e-09
6.8671e-07
-9.6667897e-10
3.7700921e-09
6.8356699e-07
-9.558846e-10
3.6450069e-09
6.8053843e-07
-9.4452026e-10
3.525927e-09
6.7761834e-07
-9.3264687e-10
3.4124346e-09
6.7480116e-07
-9.203252e-10
3.3041526e-09
6.720817e-07
-9.0761484e-10
3.2007391e-09
6.6945512e-07
-8.945718e-10
3.1018842e-09
6.669169e-07
-8.8125149e-10
3.0073043e-09
6.6446282e-07
-8.6770313e-10
2.9167409e-09
6.6208891e-07
-8.5397384e-10
2.8299558e-09
6.5979146e-07
-8.4010537e-10
2.7467303e-09
6.57567e-07
-8.2613579e-10
2.6668631e-09
6.5541224e-07
-8.1210284e-10
2.5901677e-09
6.5332411e-07
-7.9802516e-10
2.5164719e-09
6.5129972e-07
-7.8398034e-10
2.445618e-09
6.4933631e-07
-7.6976388e-10
2.3774332e-09
6.4743141e-07
-7.564634e-10
2.3119369e-09
6.4558234e-07
-7.3910601e-10
2.2476689e-09
6.4378563e-07
-7.4109795e-10
2.1949285e-09
6.420776e-07
-6.6898725e-10
2.070478e-09
6.3997564e-07
-9.3858368e-10
2.6109739e-09
-5.0830855e-10
1.5264543e-09
7.7532092e-07
-2.9187711e-09
7.9024672e-09
7.6961889e-07
-2.9972748e-09
7.6388906e-09
7.641773e-07
-2.9138964e-09
7.3448056e-09
7.5898553e-07
-2.876692e-09
7.0365352e-09
7.5404003e-07
-2.8138665e-09
6.723656e-09
7.4932105e-07
-2.7426784e-09
6.4281846e-09
7.4480705e-07
-2.6732375e-09
6.1542517e-09
7.404807e-07
-2.6043199e-09
5.8981667e-09
7.3632746e-07
-2.5352192e-09
5.6573993e-09
7.3233408e-07
-2.4664346e-09
5.4311351e-09
7.2848847e-07
-2.3983834e-09
5.218596e-09
7.2477982e-07
-2.3311768e-09
5.0186386e-09
7.2119851e-07
-2.2648377e-09
4.8301175e-09
7.1773595e-07
-2.19943e-09
4.6520768e-09
7.143844e-07
-2.1350427e-09
4.483702e-09
7.1113689e-07
-2.0717523e-09
4.3242523e-09
7.0798716e-07
-2.0096199e-09
4.1730462e-09
7.0492955e-07
-1.9486966e-09
4.0294685e-09
7.0195893e-07
-1.8890325e-09
3.8929661e-09
6.9907067e-07
-1.8306703e-09
3.7630406e-09
6.9626055e-07
-1.7736476e-09
3.6392396e-09
6.9352473e-07
-1.7179934e-09
3.5211524e-09
6.9085973e-07
-1.6637299e-09
3.4084052e-09
6.8826232e-07
-1.6108746e-09
3.3006573e-09
6.8572958e-07
-1.5594354e-09
3.1975984e-09
6.8325879e-07
-1.5094172e-09
3.0989435e-09
6.8084746e-07
-1.4608141e-09
3.0044318e-09
6.7849327e-07
-1.4136169e-09
2.9138221e-09
6.7619407e-07
-1.3678072e-09
2.8268922e-09
6.7394784e-07
-1.3233611e-09
2.7434369e-09
6.717527e-07
-1.2802495e-09
2.6632655e-09
6.6960689e-07
-1.2384386e-09
2.5862013e-09
6.675087e-07
-1.1978842e-09
2.5120786e-09
6.6545675e-07
-1.1585679e-09
2.440734e-09
6.6344859e-07
-1.1204429e-09
2.3721193e-09
6.6148712e-07
-1.0826029e-09
2.3049486e-09
6.595525e-07
-1.0559972e-09
2.2494879e-09
6.5774047e-07
-9.7569441e-10
2.1187119e-09
6.5547484e-07
-1.3396984e-09
2.6664573e-09
-6.5469101e-10
1.5839993e-09
7.7043843e-07
7.8928063e-09
7.5982566e-07
7.6154986e-09
7.4959639e-07
7.315369e-09
7.3971636e-07
7.0033425e-09
7.3021404e-07
6.688446e-09
7.2107906e-07
6.3923022e-09
7.1228732e-07
6.118501e-09
7.0382028e-07
5.8627215e-09
6.9566303e-07
5.6220288e-09
6.8780113e-07
5.3954697e-09
6.8022052e-07
5.1822275e-09
6.7290821e-07
4.9811326e-09
6.6585234e-07
4.7910349e-09
6.5904191e-07
4.6110061e-09
6.5246659e-07
4.4402794e-09
6.4611667e-07
4.2781674e-09
6.3998301e-07
4.1240406e-09
6.3405697e-07
3.9773354e-09
6.2833039e-07
3.8375474e-09
6.2279549e-07
3.7042236e-09
6.1744488e-07
3.5769527e-09
6.1227152e-07
3.4553604e-09
6.0726868e-07
3.3391062e-09
6.0242992e-07
3.2278784e-09
5.9774909e-07
3.1213929e-09
5.9322028e-07
3.0193873e-09
5.8883783e-07
2.9216215e-09
5.8459634e-07
2.8278724e-09
5.8049058e-07
2.7379347e-09
5.7651559e-07
2.6516187e-09
5.7266658e-07
2.5687493e-09
5.6893896e-07
2.4891628e-09
5.6532834e-07
2.4127157e-09
5.6183053e-07
2.3392327e-09
5.584413e-07
2.2687698e-09
5.551587e-07
2.1999877e-09
5.5196163e-07
2.1410648e-09
5.4895286e-07
2.0330517e-09
5.4528587e-07
2.3272434e-09
1.6718973e-09
7.8622149e-07
2.921324e-09
9.3988481e-17
7.9081215e-07
3.0248411e-09
2.1953092e-16
7.9514877e-07
2.978751e-09
-4.7298008e-17
7.9917515e-07
2.9769572e-09
-3.7383307e-16
8.0291194e-07
2.9516548e-09
-8.3121217e-16
8.06385e-07
2.9192461e-09
-1.1271771e-15
8.0961488e-07
2.8886183e-09
-1.0892995e-15
8.1261926e-07
2.8583371e-09
-1.6505041e-15
8.1541376e-07
2.8275291e-09
-2.0016489e-15
8.1801281e-07
2.7964219e-09
-3.7506683e-15
8.2042982e-07
2.7652185e-09
-5.0306429e-15
8.2267706e-07
2.7339047e-09
-7.3755714e-15
8.2476567e-07
2.7024293e-09
-1.0140354e-14
8.2670589e-07
2.6707982e-09
-1.4168932e-14
8.2850713e-07
2.6390553e-09
-2.015477e-14
8.3017806e-07
2.607248e-09
-2.7350609e-14
8.317267e-07
2.5754194e-09
-3.7136864e-14
8.3316045e-07
2.5436148e-09
-4.7059755e-14
8.3448615e-07
2.5118792e-09
-6.0445462e-14
8.3571016e-07
2.4802575e-09
-7.6192794e-14
8.3683838e-07
2.4487918e-09
-9.5543744e-14
8.3787629e-07
2.417522e-09
-1.164957e-13
8.38829e-07
2.3864842e-09
-1.3726721e-13
8.3970128e-07
2.3557098e-09
-1.5739813e-13
8.4049757e-07
2.3252259e-09
-1.7410637e-13
8.4122205e-07
2.2950538e-09
-1.8774355e-13
8.4187861e-07
2.2652111e-09
-1.9434096e-13
8.4247091e-07
2.2357104e-09
-1.9181803e-13
8.4300242e-07
2.2065603e-09
-1.7691523e-13
8.4347637e-07
2.1777647e-09
-1.4510821e-13
8.4389586e-07
2.1493223e-09
-9.5109822e-14
8.4426379e-07
2.1212299e-09
-1.8648555e-14
8.4458293e-07
2.0934753e-09
8.2416123e-14
8.4485591e-07
2.0660547e-09
2.1488004e-13
8.4508535e-07
2.0389906e-09
3.7013345e-13
8.4527338e-07
2.0114576e-09
5.4514552e-13
8.4542157e-07
1.9921865e-09
7.317657e-13
8.4552587e-07
1.9278827e-09
9.3937871e-13
8.4561669e-07
2.2348392e-09
1.3629119e-12
1.6644602e-09
1.0190299e-12
7.9112806e-07
9.4574048e-10
9.6137244e-17
8.0069374e-07
1.0980516e-09
2.2021135e-16
8.0993168e-07
1.0856208e-09
-5.3383778e-17
8.1881285e-07
1.1323213e-09
-3.6711522e-16
8.2733042e-07
1.1577345e-09
-7.9154662e-16
8.3550327e-07
1.1745831e-09
-1.0853854e-15
8.4335533e-07
1.1908016e-09
-9.6344131e-16
8.5090649e-07
1.2053465e-09
-1.4453973e-15
8.5817363e-07
1.2177898e-09
-1.7463841e-15
8.6517275e-07
1.2284403e-09
-3.150886e-15
8.71919e-07
1.2375727e-09
-3.9961473e-15
8.7842621e-07
1.2453362e-09
-5.9027878e-15
8.8470693e-07
1.251832e-09
-8.0773714e-15
8.9077266e-07
1.2571597e-09
-1.1018529e-14
8.9663401e-07
1.2614203e-09
-1.5153284e-14
9.0230082e-07
1.2647042e-09
-1.9743959e-14
9.0778221e-07
1.2670895e-09
-2.5851563e-14
9.1308666e-07
1.2686482e-09
-3.0957229e-14
9.1822208e-07
1.2694452e-09
-3.7539162e-14
9.2319586e-07
1.2695419e-09
-4.4110945e-14
9.2801492e-07
1.2689954e-09
-5.1431679e-14
9.3268576e-07
1.2678601e-09
-5.7508891e-14
9.372145e-07
1.2661866e-09
-6.0657991e-14
9.4160687e-07
1.2640213e-09
-6.0401887e-14
9.4586832e-07
1.2614076e-09
-5.4196596e-14
9.5000394e-07
1.2583846e-09
-4.2373417e-14
9.5401859e-07
1.2549896e-09
-2.148634e-14
9.5791683e-07
1.2512566e-09
1.0006521e-14
9.6170299e-07
1.2472171e-09
5.5021277e-14
9.6538116e-07
1.2428992e-09
1.174803e-13
9.689552e-07
1.2383294e-09
1.9906367e-13
9.724288e-07
1.2335232e-09
3.0725087e-13
9.7580538e-07
1.2285369e-09
4.4160436e-13
9.7908838e-07
1.2232134e-09
6.0909394e-13
9.8228035e-07
1.2183795e-09
8.0441729e-13
9.8538554e-07
1.2102509e-09
1.0296626e-12
9.884095e-07
1.2164936e-09
1.2857588e-12
9.9128801e-07
1.1666163e-09
1.5843567e-12
9.9482992e-07
1.3572949e-09
2.2906122e-12
1.0819397e-09
1.6281621e-12
7.8962638e-07
4.6308767e-10
9.2977056e-17
7.977622e-07
5.476791e-10
2.1667555e-16
8.0557313e-07
5.2424964e-10
-4.6901631e-17
8.1307665e-07
5.4042972e-10
-3.526129e-16
8.2026714e-07
5.4599601e-10
-7.6715932e-16
8.2716397e-07
5.4866321e-10
-1.0823852e-15
8.3379213e-07
5.5290561e-10
-8.9987624e-16
8.4017141e-07
5.5750504e-10
-1.4149671e-15
8.4631803e-07
5.6186825e-10
-1.8259e-15
8.5224686e-07
5.6596052e-10
-3.092503e-15
8.5797168e-07
5.6977684e-10
-3.7612971e-15
8.6350484e-07
5.7327723e-10
-5.6975596e-15
8.688574e-07
5.7642267e-10
-7.9894285e-15
8.7403937e-07
5.7919323e-10
-1.0868321e-14
8.7905987e-07
5.8158689e-10
-1.4713865e-14
8.8392728e-07
5.8360918e-10
-1.8977383e-14
8.8864931e-07
5.8526893e-10
-2.4814841e-14
8.9323305e-07
5.8658015e-10
-2.9788228e-14
8.9768505e-07
5.8755701e-10
-3.6110069e-14
9.0201141e-07
5.8821708e-10
-4.2113201e-14
9.0621779e-07
5.8857867e-10
-4.8408428e-14
9.1030945e-07
5.8866268e-10
-5.3058702e-14
9.1429134e-07
5.884889e-10
-5.4362171e-14
9.1816806e-07
5.880764e-10
-5.1740842e-14
9.2194394e-07
5.8744382e-10
-4.2377903e-14
9.2562303e-07
5.8660775e-10
-2.6333219e-14
9.2920916e-07
5.8558545e-10
1.2637002e-17
9.3270594e-07
5.8439297e-10
3.8048776e-14
9.3611674e-07
5.8304578e-10
9.0553713e-14
9.3944478e-07
5.8155764e-10
1.6099697e-13
9.4269308e-07
5.7994233e-10
2.5073443e-13
9.4586451e-07
5.7820561e-10
3.6630715e-13
9.4896179e-07
5.763891e-10
5.0661276e-13
9.5198742e-07
5.7436692e-10
6.7735659e-13
9.549442e-07
5.7271025e-10
8.7258293e-13
9.5783199e-07
5.6909771e-10
1.0950858e-12
9.60669e-07
5.73127e-10
1.3426336e-12
9.6335386e-07
5.5068603e-10
1.6739583e-12
9.6668587e-07
6.3402598e-10
2.3624976e-12
5.1479873e-10
1.3636679e-12
7.8960687e-07
5.9929292e-17
9.031646e-17
7.9775278e-07
1.6312953e-16
2.1331037e-16
8.0555987e-07
-4.6111054e-17
-4.0944707e-17
8.130634e-07
-2.631411e-16
-3.404601e-16
8.2025144e-07
-4.7339545e-16
-7.3284179e-16
8.2714039e-07
-4.8917859e-16
-1.0384765e-15
8.3375482e-07
-1.8189426e-16
-8.4898537e-16
8.4011393e-07
-6.9424575e-17
-1.394687e-15
8.462336e-07
-1.4245103e-16
-1.8139789e-15
8.5212869e-07
-9.1896388e-16
-2.8755165e-15
8.5781319e-07
-7.0863569e-16
-3.3967253e-15
8.6329982e-07
-6.4479976e-16
-5.2994239e-15
8.6860003e-07
-7.5566524e-16
-7.5254361e-15
8.7372427e-07
-1.5240415e-15
-1.0096188e-14
8.7868211e-07
-2.6192272e-15
-1.3323434e-14
8.8348236e-07
-3.9608697e-15
-1.6783101e-14
8.8813315e-07
-5.664113e-15
-2.1625597e-14
8.9264196e-07
-6.0072558e-15
-2.5549832e-14
8.9701571e-07
-6.7766253e-15
-3.0280816e-14
9.0126083e-07
-8.3309355e-15
-3.3925458e-14
9.0538331e-07
-1.1410072e-14
-3.6850175e-14
9.0938871e-07
-1.4408117e-14
-3.7299295e-14
9.1328223e-07
-1.6985183e-14
-3.3589192e-14
9.1706873e-07
-1.930405e-14
-2.5136818e-14
9.2075277e-07
-2.1254503e-14
-8.876751e-15
9.2433861e-07
-2.4208228e-14
1.5340403e-14
9.2783028e-07
-2.7662575e-14
5.1217526e-14
9.3123155e-07
-3.1508283e-14
9.9786173e-14
9.3454599e-07
-3.5033821e-14
1.6379955e-13
9.3777695e-07
-3.7781245e-14
2.4634719e-13
9.4092761e-07
-4.0398832e-14
3.4918551e-13
9.4400095e-07
-4.0678443e-14
4.7819197e-13
9.4699985e-07
-4.0373789e-14
6.3294347e-13
9.4992685e-07
-3.7643933e-14
8.1857569e-13
9.5278509e-07
-3.7221312e-14
1.0305208e-12
9.5557393e-07
-3.3255196e-14
1.2711398e-12
9.583127e-07
-3.4383012e-14
1.5436864e-12
9.6090245e-07
-2.684272e-14
1.9163124e-12
9.6410696e-07
1.2842329e-14
2.6746123e-12
-1.8083256e-13
1.5279766e-12
7.8960687e-07
-4.6308755e-10
8.7776131e-17
7.9775278e-07
-5.4767879e-10
2.1158619e-16
8.0555987e-07
-5.2424973e-10
-3.5252212e-17
8.130634e-07
-5.4043022e-10
-3.3010586e-16
8.2025144e-07
-5.4599692e-10
-7.0719318e-16
8.2714039e-07
-5.4866413e-10
-9.799047e-16
8.3375482e-07
-5.5290601e-10
-8.4522115e-16
8.4011393e-07
-5.5750524e-10
-1.4296732e-15
8.462336e-07
-5.6186849e-10
-1.7805111e-15
8.5212869e-07
-5.6596221e-10
-2.6842907e-15
8.5781319e-07
-5.6977817e-10
-3.1892571e-15
8.6329982e-07
-5.7327845e-10
-5.0913553e-15
8.6860003e-07
-5.7642404e-10
-7.2515007e-15
8.7372427e-07
-5.7919604e-10
-9.6677431e-15
8.7868211e-07
-5.8159179e-10
-1.2626827e-14
8.8348237e-07
-5.8361659e-10
-1.578057e-14
8.8813315e-07
-5.8527953e-10
-2.0316822e-14
8.9264196e-07
-5.8659143e-10
-2.423813e-14
8.9701571e-07
-5.8756982e-10
-2.8907619e-14
9.0126084e-07
-5.8823283e-10
-3.2369378e-14
9.0538332e-07
-5.8860015e-10
-3.4879858e-14
9.0938872e-07
-5.886897e-10
-3.5039222e-14
9.1328224e-07
-5.8852068e-10
-3.1288887e-14
9.1706874e-07
-5.8811254e-10
-2.3176452e-14
9.2075277e-07
-5.8748361e-10
-7.433741e-15
9.2433862e-07
-5.8665305e-10
1.6241121e-14
9.2783029e-07
-5.8563708e-10
5.1643606e-14
9.3123156e-07
-5.8445166e-10
9.9421879e-14
9.34546e-07
-5.8311088e-10
1.6243432e-13
9.3777696e-07
-5.816277e-10
2.4343158e-13
9.4092762e-07
-5.8001693e-10
3.4475946e-13
9.4400096e-07
-5.7828034e-10
4.7151424e-13
9.4699986e-07
-5.764626e-10
6.2415436e-13
9.4992686e-07
-5.7443459e-10
8.0708005e-13
9.527851e-07
-5.7277615e-10
1.0169183e-12
9.5557393e-07
-5.6915498e-10
1.2555884e-12
9.5831271e-07
-5.7318722e-10
1.5263296e-12
9.6090245e-07
-5.5072785e-10
1.8923417e-12
9.6410695e-07
-6.3397941e-10
2.7048051e-12
-5.1514095e-10
1.525315e-12
7.8962638e-07
-9.4574038e-10
8.85072e-17
7.977622e-07
-1.0980513e-09
2.199878e-16
8.0557313e-07
-1.0856209e-09
-2.485687e-17
8.1307665e-07
-1.1323218e-09
-3.2369166e-16
8.2026714e-07
-1.1577353e-09
-6.9444972e-16
8.2716397e-07
-1.1745839e-09
-9.1991091e-16
8.3379213e-07
-1.1908021e-09
-8.6683872e-16
8.4017141e-07
-1.2053469e-09
-1.4682261e-15
8.4631803e-07
-1.2177901e-09
-1.6711232e-15
8.5224687e-07
-1.2284419e-09
-2.472129e-15
8.5797168e-07
-1.2375742e-09
-3.010446e-15
8.6350484e-07
-1.2453379e-09
-4.8456234e-15
8.6885741e-07
-1.251834e-09
-6.8458848e-15
8.7403937e-07
-1.2571634e-09
-9.1406748e-15
8.7905987e-07
-1.2614264e-09
-1.1982746e-14
8.8392729e-07
-1.264713e-09
-1.4981846e-14
8.8864932e-07
-1.2671018e-09
-1.9446173e-14
8.9323306e-07
-1.2686623e-09
-2.3778276e-14
8.9768507e-07
-1.2694621e-09
-2.9198691e-14
9.0201144e-07
-1.2695628e-09
-3.3787364e-14
9.0621782e-07
-1.2690227e-09
-3.7832131e-14
9.1030949e-07
-1.2678941e-09
-4.0392708e-14
9.1429139e-07
-1.2662269e-09
-4.0128749e-14
9.1816811e-07
-1.2640681e-09
-3.6891191e-14
9.21944e-07
-1.2614604e-09
-2.7279435e-14
9.256231e-07
-1.2584452e-09
-1.0971468e-14
9.2920925e-07
-1.2550587e-09
1.5961678e-14
9.3270603e-07
-1.2513353e-09
5.3748503e-14
9.3611685e-07
-1.2473048e-09
1.0537144e-13
9.3944491e-07
-1.2429948e-09
1.7318855e-13
9.4269323e-07
-1.2384317e-09
2.600414e-13
9.4586467e-07
-1.2336284e-09
3.7005167e-13
9.4896197e-07
-1.2286429e-09
5.0436167e-13
9.5198762e-07
-1.2233158e-09
6.6615265e-13
9.5494441e-07
-1.2184797e-09
8.5337931e-13
9.5783222e-07
-1.2103436e-09
1.0651171e-12
9.6066925e-07
-1.2165899e-09
1.3030975e-12
9.6335412e-07
-1.1666942e-09
1.61778e-12
9.6668614e-07
-1.3573413e-09
2.2979627e-12
-1.0821863e-09
1.4157945e-12
7.9112806e-07
-2.9213241e-09
9.3082192e-17
8.0069374e-07
-3.024841e-09
2.3327975e-16
8.0993168e-07
-2.9787512e-09
-1.9069023e-17
8.1881285e-07
-2.9769576e-09
-3.4820831e-16
8.2733042e-07
-2.9516558e-09
-7.2604576e-16
8.3550327e-07
-2.9192475e-09
-9.3107738e-16
8.4335534e-07
-2.8886198e-09
-9.7548357e-16
8.509065e-07
-2.8583393e-09
-1.5595251e-15
8.5817364e-07
-2.827532e-09
-1.6167907e-15
8.6517276e-07
-2.7964272e-09
-2.4129205e-15
8.7191902e-07
-2.7652259e-09
-3.0647182e-15
8.7842624e-07
-2.7339146e-09
-4.8267833e-15
8.8470697e-07
-2.702442e-09
-6.7383018e-15
8.9077272e-07
-2.670815e-09
-9.1068368e-15
8.9663408e-07
-2.6390777e-09
-1.2150775e-14
9.0230092e-07
-2.6072767e-09
-1.5311561e-14
9.0778234e-07
-2.5754561e-09
-1.9961528e-14
9.1308683e-07
-2.543659e-09
-2.4829476e-14
9.1822229e-07
-2.5119324e-09
-3.102003e-14
9.2319612e-07
-2.4803213e-09
-3.671648e-14
9.2801524e-07
-2.4488689e-09
-4.2206848e-14
9.3268615e-07
-2.4176142e-09
-4.6933253e-14
9.3721497e-07
-2.386592e-09
-4.9696603e-14
9.4160743e-07
-2.3558344e-09
-5.0661344e-14
9.4586898e-07
-2.3253669e-09
-4.6539702e-14
9.5000472e-07
-2.2952131e-09
-3.7137631e-14
9.5401949e-07
-2.265389e-09
-1.8586922e-14
9.5791787e-07
-2.2359081e-09
9.1627769e-15
9.6170418e-07
-2.2067769e-09
4.9327817e-14
9.653825e-07
-2.1779982e-09
1.0445508e-13
9.6895672e-07
-2.1495701e-09
1.7846087e-13
9.7243049e-07
-2.1214871e-09
2.7570055e-13
9.7580725e-07
-2.0937374e-09
3.9913151e-13
9.7909042e-07
-2.0663157e-09
5.5259673e-13
9.8228257e-07
-2.0392476e-09
7.3645287e-13
9.8538793e-07
-2.0117081e-09
9.4843772e-13
9.8841207e-07
-1.9924399e-09
1.195953e-12
9.9129075e-07
-1.9281332e-09
1.4706641e-12
9.9483288e-07
-2.2351677e-09
2.1965424e-12
-1.6646823e-09
1.5922505e-12
7.8622149e-07
9.5627388e-17
7.9081215e-07
2.4570057e-16
7.9514877e-07
1.3228381e-17
7.9917515e-07
-3.102612e-16
8.0291194e-07
-6.6496466e-16
8.0638499e-07
-8.4766481e-16
8.0961488e-07
-9.527778e-16
8.1261926e-07
-1.52892e-15
8.1541376e-07
-1.5064338e-15
8.180128e-07
-2.2959096e-15
8.2042981e-07
-2.9715842e-15
8.2267703e-07
-4.5877061e-15
8.2476563e-07
-6.3258416e-15
8.2670584e-07
-8.6543659e-15
8.2850705e-07
-1.1936898e-14
8.3017796e-07
-1.568906e-14
8.3172657e-07
-2.1621842e-14
8.3316027e-07
-2.8850339e-14
8.3448592e-07
-3.8768548e-14
8.3570987e-07
-4.9918527e-14
8.3683801e-07
-6.2916238e-14
8.3787582e-07
-7.7598286e-14
8.3882843e-07
-9.2769418e-14
8.3970057e-07
-1.0860181e-13
8.4049671e-07
-1.2144641e-13
8.4122101e-07
-1.3085916e-13
8.4187737e-07
-1.3262879e-13
8.4246945e-07
-1.2661146e-13
8.430007e-07
-1.0956906e-13
8.4347439e-07
-7.9089289e-14
8.4389358e-07
-3.1586506e-14
8.442612e-07
3.651919e-14
8.4458003e-07
1.2732748e-13
8.4485268e-07
2.4322939e-13
8.450818e-07
3.8296424e-13
8.4526952e-07
5.410038e-13
8.454174e-07
7.1307409e-13
8.4552138e-07
9.01211e-13
8.456118e-07
1.4131647e-12
9.66084e-13
7.8622149e-07
2.921324e-09
-7.8928063e-09
7.9081215e-07
3.0248411e-09
-7.6154983e-09
7.9514877e-07
2.978751e-09
-7.3153689e-09
7.9917515e-07
2.9769572e-09
-7.0033432e-09
8.0291194e-07
2.9516549e-09
-6.6884478e-09
8.06385e-07
2.9192461e-09
-6.392305e-09
8.0961488e-07
2.8886183e-09
-6.1185044e-09
8.1261927e-07
2.8583371e-09
-5.8627275e-09
8.1541377e-07
2.8275291e-09
-5.6220367e-09
8.1801283e-07
2.796422e-09
-5.3954827e-09
8.2042985e-07
2.7652186e-09
-5.1822444e-09
8.226771e-07
2.7339049e-09
-4.9811554e-09
8.2476573e-07
2.7024295e-09
-4.7910644e-09
8.2670596e-07
2.6707985e-09
-4.6110442e-09
8.2850722e-07
2.6390559e-09
-4.4403303e-09
8.3017818e-07
2.6072488e-09
-4.2782324e-09
8.3172684e-07
2.5754206e-09
-4.1241258e-09
8.3316062e-07
2.5436163e-09
-3.9774415e-09
8.3448635e-07
2.5118812e-09
-3.8376815e-09
8.357104e-07
2.4802603e-09
-3.7043898e-09
8.3683865e-07
2.4487956e-09
-3.5771568e-09
8.378766e-07
2.4175271e-09
-3.4556051e-09
8.3882935e-07
2.3864907e-09
-3.3393897e-09
8.3970166e-07
2.3557181e-09
-3.2281993e-09
8.4049799e-07
2.3252361e-09
-3.1217423e-09
8.4122248e-07
2.2950662e-09
-3.019758e-09
8.4187905e-07
2.2652258e-09
-2.9219971e-09
8.4247135e-07
2.2357277e-09
-2.8282352e-09
8.4300283e-07
2.2065803e-09
-2.7382611e-09
8.4347675e-07
2.1777875e-09
-2.6518776e-09
8.4389619e-07
2.1493481e-09
-2.5689081e-09
8.4426406e-07
2.121259e-09
-2.4891746e-09
8.4458315e-07
2.093508e-09
-2.4125389e-09
8.4485607e-07
2.0660913e-09
-2.3388129e-09
8.4508545e-07
2.0390318e-09
-2.2680701e-09
8.4527345e-07
2.0115055e-09
-2.1989723e-09
8.4542165e-07
1.992243e-09
-2.1397363e-09
8.4552594e-07
1.9279567e-09
-2.0313375e-09
8.4561687e-07
2.2349733e-09
-2.3247048e-09
1.6644488e-09
-1.6701365e-09
7.9112806e-07
9.4574048e-10
-7.9024673e-09
8.0069374e-07
1.0980516e-09
-7.6388903e-09
8.0993168e-07
1.0856208e-09
-7.3448056e-09
8.1881285e-07
1.1323213e-09
-7.0365359e-09
8.2733042e-07
1.1577345e-09
-6.7236579e-09
8.3550327e-07
1.1745831e-09
-6.4281875e-09
8.4335534e-07
1.1908016e-09
-6.1542549e-09
8.509065e-07
1.2053465e-09
-5.8981722e-09
8.5817364e-07
1.2177897e-09
-5.6574067e-09
8.6517277e-07
1.2284403e-09
-5.4311467e-09
8.7191902e-07
1.2375727e-09
-5.2186108e-09
8.7842625e-07
1.2453362e-09
-5.0186586e-09
8.8470698e-07
1.2518319e-09
-4.8301432e-09
8.9077272e-07
1.2571597e-09
-4.6521093e-09
8.9663409e-07
1.2614204e-09
-4.4837437e-09
9.0230092e-07
1.2647043e-09
-4.3243032e-09
9.0778233e-07
1.2670897e-09
-4.1731095e-09
9.1308681e-07
1.2686485e-09
-4.0295425e-09
9.1822226e-07
1.2694457e-09
-3.8930535e-09
9.2319606e-07
1.2695426e-09
-3.7631407e-09
9.2801516e-07
1.2689965e-09
-3.6393522e-09
9.3268603e-07
1.2678619e-09
-3.5212742e-09
9.3721479e-07
1.266189e-09
-3.408529e-09
9.4160719e-07
1.2640246e-09
-3.3007763e-09
9.4586866e-07
1.2614118e-09
-3.1976994e-09
9.500043e-07
1.25839e-09
-3.0990148e-09
9.5401896e-07
1.2549964e-09
-3.004454e-09
9.579172e-07
1.251265e-09
-2.9137747e-09
9.6170335e-07
1.2472273e-09
-2.8267493e-09
9.653815e-07
1.2429113e-09
-2.7431658e-09
9.6895552e-07
1.2383433e-09
-2.6628307e-09
9.724291e-07
1.2335389e-09
-2.5855539e-09
9.7580566e-07
1.2285543e-09
-2.5111714e-09
9.7908863e-07
1.2232323e-09
-2.4395072e-09
9.822806e-07
1.2183998e-09
-2.3705241e-09
9.8538581e-07
1.2102729e-09
-2.302934e-09
9.8840982e-07
1.2165188e-09
-2.247004e-09
9.9128844e-07
1.1666522e-09
-2.115695e-09
9.9483058e-07
1.3573345e-09
-2.6621512e-09
1.0819292e-09
-1.5808516e-09
7.8962638e-07
4.6308767e-10
-7.8937126e-09
7.977622e-07
5.476791e-10
-7.5854515e-09
8.0557314e-07
5.2424964e-10
-7.2495639e-09
8.1307665e-07
5.4042972e-10
-6.9116234e-09
8.2026714e-07
5.4599601e-10
-6.5787562e-09
8.2716397e-07
5.4866321e-10
-6.2709177e-09
8.3379213e-07
5.5290561e-10
-5.9902677e-09
8.4017142e-07
5.5750502e-10
-5.7314468e-09
8.4631804e-07
5.618682e-10
-5.4907031e-09
8.5224688e-07
5.659605e-10
-5.2663622e-09
8.579717e-07
5.6977685e-10
-5.0570269e-09
8.6350488e-07
5.7327722e-10
-4.861116e-09
8.6885745e-07
5.764226e-10
-4.6771707e-09
8.7403943e-07
5.7919313e-10
-4.5040179e-09
8.7905995e-07
5.8158682e-10
-4.3406949e-09
8.8392738e-07
5.8360918e-10
-4.1863561e-09
8.8864943e-07
5.85269e-10
-4.040254e-09
8.9323319e-07
5.8658021e-10
-3.9017219e-09
8.9768521e-07
5.8755706e-10
-3.7701801e-09
9.020116e-07
5.8821719e-10
-3.6451065e-09
9.06218e-07
5.8857899e-10
-3.5260372e-09
9.1030969e-07
5.886633e-10
-3.412551e-09
9.1429159e-07
5.8848988e-10
-3.3042665e-09
9.1816833e-07
5.8807775e-10
-3.2008421e-09
9.2194421e-07
5.8744558e-10
-3.1019607e-09
9.256233e-07
5.8661003e-10
-3.0073398e-09
9.2920943e-07
5.8558842e-10
-2.9167129e-09
9.3270618e-07
5.8439675e-10
-2.8298411e-09
9.3611695e-07
5.8305048e-10
-2.7465008e-09
9.3944495e-07
5.8156326e-10
-2.6664848e-09
9.426932e-07
5.7994897e-10
-2.5896049e-09
9.4586458e-07
5.782132e-10
-2.5156772e-09
9.489618e-07
5.763977e-10
-2.4445476e-09
9.5198738e-07
5.7437641e-10
-2.3760332e-09
9.5494412e-07
5.727208e-10
-2.3101665e-09
9.5783189e-07
5.6910954e-10
-2.245482e-09
9.6066893e-07
5.7314085e-10
-2.1922964e-09
9.6335384e-07
5.5070675e-10
-2.0672139e-09
9.6668602e-07
6.3405834e-10
-2.60638e-09
5.1477997e-10
-1.5239614e-09
7.8960687e-07
5.9463523e-17
-7.8937679e-09
7.9775278e-07
1.6176241e-16
-7.598236e-09
8.0555987e-07
-4.7312429e-17
-7.2828382e-09
8.130634e-07
-2.6853596e-16
-6.963105e-09
8.2025144e-07
-4.7963795e-16
-6.6420411e-09
8.271404e-07
-4.875439e-16
-6.3402983e-09
8.3375482e-07
-2.0410581e-16
-6.0615213e-09
8.4011394e-07
-1.1016955e-16
-5.8016139e-09
8.4623361e-07
-1.7588748e-16
-5.5578048e-09
8.5212871e-07
-9.2643234e-16
-5.3291404e-09
8.5781322e-07
-7.2312425e-16
-5.1147341e-09
8.6329985e-07
-6.7494842e-16
-4.9133601e-09
8.6860008e-07
-8.0988193e-16
-4.7238045e-09
8.7372433e-07
-1.6052841e-15
-4.5450605e-09
8.7868218e-07
-2.6987734e-15
-4.3762755e-09
8.8348245e-07
-4.0014741e-15
-4.2166746e-09
8.8813326e-07
-5.6471215e-15
-4.0655521e-09
8.9264208e-07
-6.0329363e-15
-3.9222642e-09
8.9701585e-07
-6.8724933e-15
-3.7862399e-09
9.0126099e-07
-8.4724096e-15
-3.6569572e-09
9.0538349e-07
-1.149563e-14
-3.5339463e-09
9.093889e-07
-1.440381e-14
-3.4167773e-09
9.1328243e-07
-1.6906432e-14
-3.3050572e-09
9.1706893e-07
-1.92349e-14
-3.1984315e-09
9.2075296e-07
-2.1253942e-14
-3.0965695e-09
9.2433879e-07
-2.4275938e-14
-2.9991751e-09
9.2783043e-07
-2.7737512e-14
-2.9059686e-09
9.3123167e-07
-3.1605605e-14
-2.8166989e-09
9.3454606e-07
-3.5167292e-14
-2.7311301e-09
9.3777696e-07
-3.8075e-14
-2.6490443e-09
9.4092755e-07
-4.0838569e-14
-2.5702412e-09
9.4400083e-07
-4.1451437e-14
-2.4945277e-09
9.4699967e-07
-4.1462335e-14
-2.4217379e-09
9.4992661e-07
-3.9229024e-14
-2.3516841e-09
9.5278482e-07
-3.9165359e-14
-2.2843754e-09
9.5557364e-07
-3.5525824e-14
-2.2183592e-09
9.5831245e-07
-3.7383082e-14
-2.1640442e-09
9.6090227e-07
-2.9455817e-14
-2.0370586e-09
9.6410698e-07
1.8307928e-14
-2.5677211e-09
-1.8707795e-13
-1.5061961e-09
7.8960687e-07
-4.6308755e-10
-7.8937679e-09
7.9775278e-07
-5.4767879e-10
-7.598236e-09
8.0555987e-07
-5.2424973e-10
-7.2828382e-09
8.130634e-07
-5.4043023e-10
-6.963105e-09
8.2025144e-07
-5.4599694e-10
-6.642041e-09
8.271404e-07
-5.4866413e-10
-6.3402982e-09
8.3375482e-07
-5.5290605e-10
-6.0615214e-09
8.4011393e-07
-5.575053e-10
-5.801614e-09
8.4623361e-07
-5.6186851e-10
-5.5578047e-09
8.5212871e-07
-5.659622e-10
-5.3291401e-09
8.5781322e-07
-5.6977819e-10
-5.1147338e-09
8.6329985e-07
-5.7327848e-10
-4.9133599e-09
8.6860008e-07
-5.7642406e-10
-4.7238042e-09
8.7372432e-07
-5.7919608e-10
-4.54506e-09
8.7868218e-07
-5.8159185e-10
-4.3762748e-09
8.8348245e-07
-5.8361664e-10
-4.2166735e-09
8.8813326e-07
-5.8527956e-10
-4.0655508e-09
8.9264208e-07
-5.8659154e-10
-3.9222632e-09
8.9701585e-07
-5.8757006e-10
-3.7862391e-09
9.0126099e-07
-5.8823323e-10
-3.6569565e-09
9.0538349e-07
-5.8860067e-10
-3.5339454e-09
9.093889e-07
-5.8869037e-10
-3.4167765e-09
9.1328243e-07
-5.885216e-10
-3.305057e-09
9.1706893e-07
-5.8811388e-10
-3.1984324e-09
9.2075296e-07
-5.8748554e-10
-3.0965719e-09
9.2433879e-07
-5.866557e-10
-2.9991789e-09
9.2783043e-07
-5.8564053e-10
-2.9059736e-09
9.3123167e-07
-5.8445608e-10
-2.8167057e-09
9.3454606e-07
-5.8311645e-10
-2.7311388e-09
9.3777696e-07
-5.8163471e-10
-2.6490557e-09
9.4092756e-07
-5.8002553e-10
-2.570255e-09
9.4400084e-07
-5.7829085e-10
-2.4945449e-09
9.4699967e-07
-5.7647513e-10
-2.421758e-09
9.4992662e-07
-5.7444944e-10
-2.351708e-09
9.5278483e-07
-5.7279318e-10
-2.2844017e-09
9.5557366e-07
-5.6917496e-10
-2.2183889e-09
9.5831247e-07
-5.7320944e-10
-2.1640744e-09
9.6090228e-07
-5.5076199e-10
-2.0370973e-09
9.64107e-07
-6.3403328e-10
-2.5677439e-09
-5.150992e-10
-1.5061653e-09
7.8962638e-07
-9.4574038e-10
-7.8937126e-09
7.977622e-07
-1.0980513e-09
-7.5854515e-09
8.0557314e-07
-1.0856209e-09
-7.2495638e-09
8.1307665e-07
-1.1323218e-09
-6.9116233e-09
8.2026714e-07
-1.1577353e-09
-6.578756e-09
8.2716397e-07
-1.174584e-09
-6.2709174e-09
8.3379213e-07
-1.1908022e-09
-5.9902676e-09
8.4017142e-07
-1.205347e-09
-5.7314468e-09
8.4631804e-07
-1.2177901e-09
-5.4907026e-09
8.5224688e-07
-1.2284419e-09
-5.2663609e-09
8.579717e-07
-1.2375743e-09
-5.0570253e-09
8.6350487e-07
-1.2453379e-09
-4.8611141e-09
8.6885745e-07
-1.2518341e-09
-4.677168e-09
8.7403942e-07
-1.2571634e-09
-4.5040141e-09
8.7905994e-07
-1.2614265e-09
-4.3406894e-09
8.8392737e-07
-1.2647131e-09
-4.1863486e-09
8.8864942e-07
-1.267102e-09
-4.0402445e-09
8.9323318e-07
-1.2686626e-09
-3.9017116e-09
8.976852e-07
-1.2694626e-09
-3.7701686e-09
9.0201159e-07
-1.2695636e-09
-3.6450931e-09
9.0621799e-07
-1.2690238e-09
-3.5260206e-09
9.1030968e-07
-1.2678957e-09
-3.4125319e-09
9.1429158e-07
-1.2662291e-09
-3.304246e-09
9.1816832e-07
-1.264071e-09
-3.2008214e-09
9.2194421e-07
-1.2614644e-09
-3.1019402e-09
9.2562331e-07
-1.2584505e-09
-3.0073194e-09
9.2920944e-07
-1.2550654e-09
-2.916692e-09
9.327062e-07
-1.2513436e-09
-2.8298207e-09
9.3611699e-07
-1.247315e-09
-2.7464816e-09
9.39445e-07
-1.243007e-09
-2.6664692e-09
9.4269327e-07
-1.2384462e-09
-2.5895924e-09
9.4586467e-07
-1.2336453e-09
-2.5156714e-09
9.4896191e-07
-1.2286621e-09
-2.4445478e-09
9.5198752e-07
-1.2233374e-09
-2.3760434e-09
9.5494428e-07
-1.2185035e-09
-2.3101838e-09
9.5783207e-07
-1.2103695e-09
-2.24551e-09
9.6066913e-07
-1.2166195e-09
-2.1923318e-09
9.6335405e-07
-1.166738e-09
-2.0672715e-09
9.6668623e-07
-1.3573725e-09
-2.606407e-09
-1.0821875e-09
-1.5238987e-09
7.9112806e-07
-2.9213241e-09
-7.9024672e-09
8.0069374e-07
-3.024841e-09
-7.6388903e-09
8.0993168e-07
-2.9787512e-09
-7.3448056e-09
8.1881285e-07
-2.9769576e-09
-7.0365358e-09
8.2733042e-07
-2.9516559e-09
-6.7236576e-09
8.3550327e-07
-2.9192475e-09
-6.4281871e-09
8.4335534e-07
-2.8886198e-09
-6.1542549e-09
8.509065e-07
-2.8583394e-09
-5.8981724e-09
8.5817365e-07
-2.8275321e-09
-5.6574064e-09
8.6517278e-07
-2.7964273e-09
-5.4311455e-09
8.7191904e-07
-2.765226e-09
-5.2186096e-09
8.7842627e-07
-2.7339148e-09
-5.0186573e-09
8.8470702e-07
-2.7024423e-09
-4.8301417e-09
8.9077277e-07
-2.6708153e-09
-4.6521071e-09
8.9663415e-07
-2.6390782e-09
-4.4837401e-09
9.02301e-07
-2.6072773e-09
-4.3242981e-09
9.0778244e-07
-2.5754569e-09
-4.173103e-09
9.1308695e-07
-2.5436601e-09
-4.0295369e-09
9.1822243e-07
-2.511934e-09
-3.8930487e-09
9.2319628e-07
-2.4803234e-09
-3.763136e-09
9.2801543e-07
-2.4488718e-09
-3.6393467e-09
9.3268637e-07
-2.4176181e-09
-3.5212691e-09
9.372152e-07
-2.3865971e-09
-3.4085262e-09
9.4160769e-07
-2.3558409e-09
-3.3007782e-09
9.4586926e-07
-2.325375e-09
-3.1977073e-09
9.5000501e-07
-2.295223e-09
-3.0990287e-09
9.540198e-07
-2.2654008e-09
-3.0044734e-09
9.5791818e-07
-2.2359221e-09
-2.9138012e-09
9.6170448e-07
-2.2067933e-09
-2.8267838e-09
9.6538279e-07
-2.1780173e-09
-2.7432113e-09
9.6895698e-07
-2.1495922e-09
-2.6628861e-09
9.7243073e-07
-2.1215126e-09
-2.5856232e-09
9.7580747e-07
-2.0937668e-09
-2.5112528e-09
9.7909063e-07
-2.0663497e-09
-2.4396044e-09
9.8228277e-07
-2.0392869e-09
-2.3706317e-09
9.8538815e-07
-2.0117545e-09
-2.3030554e-09
9.8841233e-07
-1.9924945e-09
-2.2471276e-09
9.9129112e-07
-1.9282051e-09
-2.115857e-09
9.9483347e-07
-2.2352909e-09
-2.6623209e-09
-1.6646833e-09
-1.5808128e-09
7.8622149e-07
-7.8928063e-09
7.9081215e-07
-7.6154982e-09
7.9514877e-07
-7.3153688e-09
7.9917515e-07
-7.0033429e-09
8.0291194e-07
-6.6884472e-09
8.0638499e-07
-6.3923043e-09
8.0961488e-07
-6.118504e-09
8.1261926e-07
-5.8627269e-09
8.1541376e-07
-5.6220355e-09
8.1801281e-07
-5.3954796e-09
8.2042983e-07
-5.1822402e-09
8.2267706e-07
-4.9811499e-09
8.2476567e-07
-4.791057e-09
8.2670588e-07
-4.6110339e-09
8.2850711e-07
-4.4403155e-09
8.3017803e-07
-4.2782124e-09
8.3172665e-07
-4.1241e-09
8.3316037e-07
-3.9774121e-09
8.3448604e-07
-3.8376472e-09
8.3571001e-07
-3.704349e-09
8.3683818e-07
-3.5771068e-09
8.3787602e-07
-3.4555462e-09
8.3882865e-07
-3.339323e-09
8.3970082e-07
-3.2281265e-09
8.4049698e-07
-3.1216638e-09
8.4122129e-07
-3.0196727e-09
8.4187765e-07
-2.9219038e-09
8.4246972e-07
-2.8281352e-09
8.4300096e-07
-2.7381557e-09
8.4347462e-07
-2.6517716e-09
8.4389378e-07
-2.5688018e-09
8.4426136e-07
-2.4890763e-09
8.4458015e-07
-2.4124493e-09
8.4485276e-07
-2.3387416e-09
8.4508184e-07
-2.268014e-09
8.4526955e-07
-2.1989383e-09
8.4541745e-07
-2.1397109e-09
8.4552146e-07
-2.0313539e-09
8.4561201e-07
-2.324664e-09
-1.6700946e-09
7.7043843e-07
2.918771e-09
7.5982566e-07
2.9972748e-09
7.4959639e-07
2.9138963e-09
7.3971636e-07
2.8766916e-09
7.3021405e-07
2.8138655e-09
7.2107906e-07
2.7426769e-09
7.1228732e-07
2.673236e-09
7.0382028e-07
2.6043176e-09
6.9566302e-07
2.535216e-09
6.8780111e-07
2.4664288e-09
6.8022049e-07
2.3983754e-09
6.7290817e-07
2.3311661e-09
6.6585228e-07
2.2648238e-09
6.5904183e-07
2.1994119e-09
6.5246648e-07
2.1350189e-09
6.4611653e-07
2.0717222e-09
6.3998282e-07
2.0095822e-09
6.3405672e-07
1.9486529e-09
6.2833006e-07
1.888982e-09
6.2279505e-07
1.8306127e-09
6.1744432e-07
1.7735808e-09
6.1227079e-07
1.7179172e-09
6.0726775e-07
1.6636457e-09
6.0242877e-07
1.6107832e-09
5.9774768e-07
1.5593395e-09
5.9321861e-07
1.5093164e-09
5.888359e-07
1.4607102e-09
5.8459415e-07
1.4135108e-09
5.8048819e-07
1.3677022e-09
5.7651304e-07
1.323263e-09
5.7266397e-07
1.2801645e-09
5.6893641e-07
1.2383776e-09
5.6532601e-07
1.1978567e-09
5.6182861e-07
1.1585877e-09
5.5844002e-07
1.1205183e-09
5.5515831e-07
1.0827473e-09
5.5196236e-07
1.0562083e-09
5.4895502e-07
9.7600587e-10
5.4529018e-07
1.3401496e-09
6.5488853e-10
7.7532091e-07
9.4539858e-10
7.6961889e-07
1.0604064e-09
7.641773e-07
1.0106828e-09
7.5898553e-07
1.0319253e-09
7.5404003e-07
1.0357108e-09
7.4932105e-07
1.0334701e-09
7.4480704e-07
1.0329865e-09
7.4048069e-07
1.0325001e-09
7.3632743e-07
1.0310615e-09
7.3233404e-07
1.028675e-09
7.2848841e-07
1.0253937e-09
7.2477973e-07
1.02119e-09
7.2119838e-07
1.0160297e-09
7.1773577e-07
1.0099174e-09
7.1438415e-07
1.0028905e-09
7.1113657e-07
9.9499771e-10
7.0798676e-07
9.8629075e-10
7.0492904e-07
9.7682716e-10
7.019583e-07
9.6666603e-10
6.990699e-07
9.5586991e-10
6.9625963e-07
9.4450154e-10
6.9352364e-07
9.3262517e-10
6.9085846e-07
9.2030256e-10
6.8826087e-07
9.0759318e-10
6.8572795e-07
8.945536e-10
6.8325702e-07
8.8123634e-10
6.8084558e-07
8.6769172e-10
6.7849135e-07
8.5396687e-10
6.761922e-07
8.4010516e-10
6.7394615e-07
8.2614596e-10
6.7175136e-07
8.1212542e-10
6.6960612e-07
7.9806696e-10
6.6750876e-07
7.8404381e-10
6.6545799e-07
7.6985585e-10
6.6345141e-07
7.5658017e-10
6.6149197e-07
7.392571e-10
6.5955991e-07
7.4126801e-10
6.5775099e-07
6.6925479e-10
6.5549007e-07
9.3895259e-10
5.0812637e-10
7.7383999e-07
4.6170953e-10
7.6678028e-07
5.3466249e-10
7.6003663e-07
5.0476267e-10
7.5363738e-07
5.1955156e-10
7.4757226e-07
5.2207864e-10
7.4181497e-07
5.1984036e-10
7.3633958e-07
5.1810733e-10
7.311247e-07
5.1593345e-10
7.2615211e-07
5.1294808e-10
7.214051e-07
5.0932946e-10
7.1686823e-07
5.0522916e-10
7.1252759e-07
5.0071431e-10
7.0837063e-07
4.9582098e-10
7.0438595e-07
4.9058439e-10
7.005631e-07
4.850436e-10
6.9689251e-07
4.7923383e-10
6.9336536e-07
4.7318479e-10
6.8997354e-07
4.6692548e-10
6.8670955e-07
4.6048019e-10
6.8356643e-07
4.5387383e-10
6.8053777e-07
4.4712982e-10
6.7761757e-07
4.4027314e-10
6.7480028e-07
4.3332604e-10
6.7208072e-07
4.2630922e-10
6.6945407e-07
4.1924198e-10
6.6691583e-07
4.121411e-10
6.6446178e-07
4.0502358e-10
6.62088e-07
3.9790537e-10
6.5979081e-07
3.9080101e-10
6.5756675e-07
3.8372344e-10
6.5541259e-07
3.7668472e-10
6.533253e-07
3.696877e-10
6.5130202e-07
3.6278092e-10
6.4934006e-07
3.5579053e-10
6.4743698e-07
3.4949506e-10
6.4559015e-07
3.4062231e-10
6.4379615e-07
3.4298093e-10
6.4209146e-07
3.0675646e-10
6.3999408e-07
4.3001768e-10
2.403776e-10
7.7381795e-07
6.0419458e-17
7.6675438e-07
1.6495474e-16
7.599763e-07
-2.5864116e-17
7.5353275e-07
-2.3171056e-16
7.4741279e-07
-4.3519864e-16
7.4159233e-07
-4.4409805e-16
7.3604891e-07
-1.4167839e-16
7.3076323e-07
-1.6805142e-17
7.2571838e-07
-1.0136354e-16
7.2089857e-07
-9.2475006e-16
7.1628906e-07
-6.2902618e-16
7.1187642e-07
-4.2002538e-16
7.0764844e-07
-4.1468051e-16
7.0359396e-07
-1.1626739e-15
6.9970273e-07
-2.2495659e-15
6.959653e-07
-3.5461349e-15
6.9237293e-07
-5.1836242e-15
6.889176e-07
-5.1654316e-15
6.8559185e-07
-5.6999522e-15
6.8238877e-07
-7.2570607e-15
6.7930196e-07
-1.0726558e-14
6.7632547e-07
-1.3990955e-14
6.7345375e-07
-1.6738392e-14
6.7068165e-07
-1.9100235e-14
6.6800434e-07
-2.1177657e-14
6.6541734e-07
-2.4535856e-14
6.6291642e-07
-2.8751938e-14
6.6049766e-07
-3.335787e-14
6.5815737e-07
-3.770894e-14
6.558921e-07
-4.0852816e-14
6.5369859e-07
-4.4114629e-14
6.515738e-07
-4.412232e-14
6.4951489e-07
-4.3842326e-14
6.4751904e-07
-4.0101913e-14
6.4558421e-07
-4.024378e-14
6.4370652e-07
-3.4454019e-14
6.4188551e-07
-3.7848555e-14
6.4015525e-07
-2.4750762e-14
6.3801757e-07
4.4235031e-14
-2.4622637e-13
7.7381795e-07
-4.6170942e-10
7.6675438e-07
-5.3466217e-10
7.599763e-07
-5.0476272e-10
7.5353275e-07
-5.1955202e-10
7.4741279e-07
-5.220795e-10
7.4159233e-07
-5.1984123e-10
7.3604891e-07
-5.1810767e-10
7.3076323e-07
-5.1593359e-10
7.2571838e-07
-5.1294829e-10
7.2089857e-07
-5.0933119e-10
7.1628906e-07
-5.0523039e-10
7.1187642e-07
-5.007152e-10
7.0764844e-07
-4.9582183e-10
7.0359396e-07
-4.9058667e-10
6.9970274e-07
-4.8504802e-10
6.959653e-07
-4.7924079e-10
6.9237294e-07
-4.7319498e-10
6.8891761e-07
-4.6693587e-10
6.8559185e-07
-4.6049189e-10
6.8238878e-07
-4.5388874e-10
6.7930197e-07
-4.471515e-10
6.7632548e-07
-4.4030127e-10
6.7345376e-07
-4.3335971e-10
6.7068166e-07
-4.2634788e-10
6.6800435e-07
-4.1928512e-10
6.6541734e-07
-4.1219118e-10
6.6291642e-07
-4.0508214e-10
6.6049765e-07
-3.9797326e-10
6.5815735e-07
-3.908778e-10
6.5589206e-07
-3.8380702e-10
6.5369854e-07
-3.7677522e-10
6.5157373e-07
-3.6977906e-10
6.495148e-07
-3.6287235e-10
6.4751893e-07
-3.5587552e-10
6.4558408e-07
-3.4958034e-10
6.4370636e-07
-3.406972e-10
6.4188531e-07
-3.430627e-10
6.4015502e-07
-3.068158e-10
6.3801732e-07
-4.2995932e-10
-2.4082008e-10
7.7383999e-07
-9.4539847e-10
7.6678028e-07
-1.0604061e-09
7.6003663e-07
-1.0106828e-09
7.5363739e-07
-1.0319257e-09
7.4757226e-07
-1.0357116e-09
7.4181497e-07
-1.0334709e-09
7.3633958e-07
-1.032987e-09
7.311247e-07
-1.0325005e-09
7.2615211e-07
-1.0310618e-09
7.214051e-07
-1.0286765e-09
7.1686824e-07
-1.0253951e-09
7.125276e-07
-1.0211913e-09
7.0837064e-07
-1.0160311e-09
7.0438596e-07
-1.0099203e-09
7.0056312e-07
-1.0028958e-09
6.9689254e-07
-9.9500576e-10
6.933654e-07
-9.8630237e-10
6.899736e-07
-9.7684007e-10
6.8670961e-07
-9.666814e-10
6.8356652e-07
-9.5588928e-10
6.8053787e-07
-9.4452802e-10
6.776177e-07
-9.3265892e-10
6.7480043e-07
-9.2034307e-10
6.720809e-07
-9.0764035e-10
6.6945428e-07
-8.9460687e-10
6.6691607e-07
-8.8129794e-10
6.6446206e-07
-8.6776265e-10
6.6208831e-07
-8.5404818e-10
6.5979114e-07
-8.4019617e-10
6.5756711e-07
-8.2624468e-10
6.5541297e-07
-8.1223083e-10
6.5332569e-07
-7.9817344e-10
6.5130241e-07
-7.8414925e-10
6.4934045e-07
-7.6995384e-10
6.4743735e-07
-7.5667403e-10
6.4559048e-07
-7.3933759e-10
6.4379644e-07
-7.4135274e-10
6.4209167e-07
-6.6931611e-10
6.3999424e-07
-9.3895072e-10
-5.0842384e-10
7.7532091e-07
-2.9187711e-09
7.6961889e-07
-2.9972748e-09
7.641773e-07
-2.9138964e-09
7.5898553e-07
-2.876692e-09
7.5404003e-07
-2.8138665e-09
7.4932105e-07
-2.7426783e-09
7.4480704e-07
-2.6732375e-09
7.4048069e-07
-2.6043198e-09
7.3632744e-07
-2.535219e-09
7.3233405e-07
-2.4664343e-09
7.2848843e-07
-2.398383e-09
7.2477976e-07
-2.3311761e-09
7.2119842e-07
-2.2648367e-09
7.1773583e-07
-2.1994289e-09
7.1438423e-07
-2.1350416e-09
7.1113668e-07
-2.0717514e-09
7.079869e-07
-2.0096197e-09
7.0492922e-07
-1.9486978e-09
7.0195852e-07
-1.889036e-09
6.9907017e-07
-1.8306774e-09
6.9625995e-07
-1.7736595e-09
6.9352404e-07
-1.7180118e-09
6.9085892e-07
-1.6637564e-09
6.8826141e-07
-1.6109108e-09
6.8572858e-07
-1.5594831e-09
6.8325773e-07
-1.509478e-09
6.8084638e-07
-1.4608899e-09
6.7849224e-07
-1.4137096e-09
6.7619317e-07
-1.3679188e-09
6.739472e-07
-1.3234943e-09
6.7175249e-07
-1.2804072e-09
6.6960731e-07
-1.2386248e-09
6.6751001e-07
-1.1981032e-09
6.6545927e-07
-1.1588255e-09
6.634527e-07
-1.1207447e-09
6.6149326e-07
-1.0829581e-09
6.5956119e-07
-1.0564176e-09
6.577522e-07
-9.7619711e-10
6.554913e-07
-1.3404371e-09
-6.5509345e-10
7.7043843e-07
7.5982566e-07
7.4959639e-07
7.3971636e-07
7.3021405e-07
7.2107906e-07
7.1228732e-07
7.0382027e-07
6.9566302e-07
6.8780111e-07
6.8022048e-07
6.7290816e-07
6.6585226e-07
6.590418e-07
6.5246644e-07
6.4611648e-07
6.3998276e-07
6.3405665e-07
6.2832997e-07
6.2279494e-07
6.1744417e-07
6.1227062e-07
6.0726754e-07
6.024285e-07
5.9774735e-07
5.932182e-07
5.8883541e-07
5.8459356e-07
5.8048749e-07
5.7651222e-07
5.7266301e-07
5.6893531e-07
5.6532476e-07
5.6182719e-07
5.5843843e-07
5.5515654e-07
5.5196041e-07
5.4895286e-07
5.4528776e-07
)
;

boundaryField
{
    inlet
    {
        type            calculated;
        value           nonuniform List<scalar> 
32
(
-7.8125001e-07
-7.8125001e-07
-7.8125001e-07
-7.8125001e-07
-7.8125001e-07
-7.8125001e-07
-7.8125001e-07
-7.8125001e-07
-7.8125001e-07
-7.8125001e-07
-7.8125001e-07
-7.8125001e-07
-7.8125001e-07
-7.8125001e-07
-7.8125001e-07
-7.8125001e-07
-7.8125001e-07
-7.8125001e-07
-7.8125001e-07
-7.8125001e-07
-7.8125001e-07
-7.8125001e-07
-7.8125001e-07
-7.8125001e-07
-7.8125001e-07
-7.8125001e-07
-7.8125001e-07
-7.8125001e-07
-7.8125001e-07
-7.8125001e-07
-7.8125001e-07
-7.8125001e-07
)
;
    }
    outlet
    {
        type            calculated;
        value           nonuniform List<scalar> 
32
(
5.4296395e-07
6.5403473e-07
6.3871619e-07
6.3672575e-07
6.3672571e-07
6.3871659e-07
6.5403764e-07
5.4295941e-07
8.4562353e-07
9.9699465e-07
9.6877797e-07
9.6612914e-07
9.6612914e-07
9.6877826e-07
9.9699778e-07
8.456184e-07
8.4562383e-07
9.9699549e-07
9.6877827e-07
9.6612934e-07
9.6612936e-07
9.687785e-07
9.9699853e-07
8.4561874e-07
5.4296514e-07
6.5405593e-07
6.3873779e-07
6.3675193e-07
6.3675169e-07
6.3873797e-07
6.5405726e-07
5.4296257e-07
)
;
    }
    walls
    {
        type            calculated;
        value           uniform 0;
    }
}


// ************************************************************************* //
