/*--------------------------------*- C++ -*----------------------------------*\
  =========                 |
  \\      /  F ield         | OpenFOAM: The Open Source CFD Toolbox
   \\    /   O peration     | Website:  https://openfoam.org
    \\  /    A nd           | Version:  14
     \\/     M anipulation  |
\*---------------------------------------------------------------------------*/
FoamFile
{
    format      ascii;
    class       volVectorField;
    location    "59";
    object      U;
}
// * * * * * * * * * * * * * * * * * * * * * * * * * * * * * * * * * * * * * //

dimensions      [0 1 -1 0 0 0 0];

internalField   nonuniform List<vector> 
1280
(
(3.4707855 0.00092457357 0.001243858)
(3.425088 0.0015991765 0.0022623275)
(3.3822965 0.001831921 0.0024773289)
(3.3375462 0.0019490075 0.00241085)
(3.2931818 0.0020056406 0.002277661)
(3.2511191 0.0020262314 0.0021430342)
(3.2111479 0.0020247807 0.0020200136)
(3.172628 0.0020070658 0.0019077154)
(3.1353828 0.0019766336 0.0018036516)
(3.0994682 0.0019366348 0.0017063736)
(3.0648777 0.0018897223 0.0016151769)
(3.0315319 0.0018379408 0.0015295663)
(2.9993555 0.0017828381 0.0014490868)
(2.9682974 0.0017256101 0.0013733318)
(2.9383155 0.0016671921 0.0013019497)
(2.9093662 0.0016083091 0.0012346299)
(2.8814063 0.0015495161 0.0011710896)
(2.8543952 0.0014912379 0.0011110719)
(2.8282957 0.001433798 0.0010543428)
(2.8030721 0.0013774416 0.0010006902)
(2.7786908 0.0013223523 0.00094992012)
(2.7551191 0.0012686653 0.00090185511)
(2.7323264 0.0012164779 0.0008563322)
(2.7102832 0.0011658565 0.00081320101)
(2.6889613 0.0011168431 0.00077232286)
(2.6683336 0.0010694594 0.00073356899)
(2.6483743 0.0010237109 0.00069682037)
(2.6290586 0.00097958982 0.00066196655)
(2.6103626 0.00093707739 0.00062890495)
(2.5922636 0.0008961461 0.00059754013)
(2.5747396 0.00085675901 0.00056778305)
(2.55777 0.00081887899 0.00053955012)
(2.5413327 0.00078244187 0.00051276871)
(2.5254154 0.0007474487 0.00048734345)
(2.509977 0.00071376452 0.00046333474)
(2.49507 0.0006807727 0.00043988982)
(2.4804748 0.00065561962 0.00042179054)
(2.4666544 0.00059397533 0.00038077447)
(2.4532288 0.00074916967 0.0004571992)
(2.4335337 0.00047659971 0.00031860053)
(3.4817853 0.0012966414 0.0012484523)
(3.4581157 0.0018233531 0.0022796268)
(3.436975 0.0017915345 0.0025041742)
(3.4135086 0.0017342614 0.0024439057)
(3.3898958 0.0016702218 0.0023146303)
(3.3679464 0.0016083448 0.0021825079)
(3.3474484 0.0015564321 0.0020611534)
(3.3277854 0.0015126795 0.0019500477)
(3.3087885 0.0014743265 0.0018469261)
(3.2905131 0.0014398961 0.0017504539)
(3.2729571 0.0014084847 0.0016599783)
(3.2560514 0.0013793421 0.0015750324)
(3.2397315 0.0013518468 0.001495179)
(3.223957 0.001325538 0.0014200187)
(3.2086965 0.0013000929 0.001349198)
(3.1939183 0.0012752818 0.0012823995)
(3.1795918 0.0012509384 0.0012193322)
(3.1656898 0.0012269474 0.0011597301)
(3.1521883 0.0012032318 0.0011033512)
(3.1390658 0.0011797446 0.0010499752)
(3.1263025 0.0011564603 0.00099940164)
(3.1138803 0.0011333702 0.0009514476)
(3.1017828 0.0011104761 0.00090594569)
(3.0899951 0.0010877869 0.00086274241)
(3.0785034 0.001065316 0.00082169687)
(3.0672951 0.0010430778 0.00078267908)
(3.0563585 0.0010210878 0.00074556928)
(3.045683 0.0009993615 0.00071025687)
(3.0352584 0.00097791327 0.00067663941)
(3.0250755 0.0009567556 0.00064462181)
(3.0151255 0.00093589827 0.00061411515)
(3.0054007 0.00091534672 0.00058503667)
(2.9958917 0.0008951194 0.00055731065)
(2.9865966 0.00087513956 0.00053084838)
(2.9774922 0.00085584914 0.00050570945)
(2.9686206 0.00083467239 0.00048081456)
(2.9598425 0.00082639481 0.00046327098)
(2.9514858 0.00076131855 0.00040760866)
(2.9433037 0.00099439105 0.00055273922)
(2.931129 0.00062941326 0.00032684043)
(3.4785042 0.00052396427 0.001244977)
(3.4483126 0.00037201658 0.0022636501)
(3.4212113 0.00015390956 0.0024737546)
(3.3921604 8.3426178e-05 0.0024010425)
(3.3633295 5.2537182e-05 0.0022627366)
(3.3365449 3.2130808e-05 0.0021249049)
(3.3115732 2.0931772e-05 0.0020005212)
(3.2877712 1.6302996e-05 0.0018883644)
(3.2649514 1.6151851e-05 0.0017855913)
(3.243155 1.9351176e-05 0.001690437)
(3.2223651 2.5021052e-05 0.001601938)
(3.2024981 3.2376562e-05 0.0015194044)
(3.1834758 4.0788448e-05 0.0014422392)
(3.1652449 4.9791719e-05 0.0013699296)
(3.1477617 5.9048228e-05 0.0013020423)
(3.1309827 6.8307e-05 0.0012382034)
(3.1148658 7.7381648e-05 0.0011780829)
(3.0993724 8.6139064e-05 0.0011213881)
(3.0844679 9.4484508e-05 0.0010678583)
(3.0701202 0.0001023551 0.0010172611)
(3.0562993 0.00010971134 0.00096938804)
(3.0429773 0.00011653381 0.00092405091)
(3.0301285 0.00012281603 0.0008810793)
(3.0177289 0.00012856134 0.0008403181)
(3.0057558 0.0001337802 0.0008016259)
(2.9941886 0.00013848733 0.00076487295)
(2.9830075 0.00014270246 0.00072994031)
(2.9721942 0.00014644845 0.00069671857)
(2.9617316 0.00014975032 0.00066510687)
(2.9516036 0.00015263363 0.00063501197)
(2.9417949 0.00015512565 0.0006063472)
(2.932292 0.00015724342 0.00057903185)
(2.9230794 0.00015905609 0.00055299445)
(2.9141508 0.00016039581 0.00052814338)
(2.9054745 0.00016208903 0.0005045602)
(2.8971022 0.00016085116 0.0004811392)
(2.8888315 0.00017026551 0.0004648495)
(2.8812164 0.00014148148 0.00041162958)
(2.8731775 0.00028258525 0.0005557576)
(2.86244 7.3292281e-05 0.00032940548)
(3.4784801 0.00015228885 0.0012445604)
(3.4482096 0.00015676916 0.0022662319)
(3.4210237 0.00021608245 0.0024826334)
(3.3918111 0.00033416412 0.0024168899)
(3.3627504 0.00043890666 0.0022841485)
(3.335695 0.00051610573 0.0021498161)
(3.3104269 0.00057035528 0.0020270494)
(3.2863123 0.00060654918 0.0019150675)
(3.2631707 0.00062885756 0.0018114584)
(3.2410483 0.00064069432 0.0017148009)
(3.219932 0.00064465742 0.0016243841)
(3.1997404 0.00064270314 0.0015396975)
(3.1803973 0.000636333 0.0014602695)
(3.1618506 0.00062670865 0.0013856733)
(3.1440577 0.00061472708 0.0013155343)
(3.1269756 0.0006010767 0.001249517)
(3.1105626 0.00058628446 0.0011873157)
(3.0947807 0.00057075513 0.0011286515)
(3.0795954 0.0005547952 0.0010732712)
(3.0649748 0.00053863869 0.0010209449)
(3.0508891 0.00052246276 0.00097146292)
(3.0373106 0.00050640323 0.00092463411)
(3.0242135 0.00049056114 0.00088028348)
(3.0115739 0.00047501095 0.00083825061)
(2.9993693 0.00045980668 0.00079838836)
(2.9875789 0.0004449854 0.0007605611)
(2.976183 0.00043057345 0.00072464398)
(2.9651633 0.000416588 0.0006905217)
(2.9545027 0.00040303897 0.0006580877)
(2.944185 0.00038993036 0.00062724324)
(2.934195 0.00037726061 0.00059789651)
(2.9245188 0.00036502384 0.00056996187)
(2.9151412 0.00035322497 0.00054336294)
(2.9060559 0.00034179046 0.0005180047)
(2.89723 0.0003309865 0.00049396188)
(2.88872 0.00031961816 0.00047012609)
(2.8803066 0.00031247393 0.00045348801)
(2.8725928 0.00029316951 0.00040003308)
(2.8643996 0.00032639762 0.00054136792)
(2.8534993 0.0002509418 0.00031976375)
(3.4784801 -0.00015228877 0.0012445604)
(3.4482096 -0.00015676896 0.0022662319)
(3.4210237 -0.00021608252 0.0024826334)
(3.3918111 -0.0003341645 0.0024168899)
(3.3627504 -0.00043890734 0.0022841485)
(3.335695 -0.00051610647 0.0021498161)
(3.3104269 -0.00057035562 0.0020270494)
(3.2863123 -0.00060654925 0.0019150676)
(3.2631707 -0.00062885777 0.0018114585)
(3.2410483 -0.00064069607 0.001714801)
(3.2199319 -0.00064465912 0.0016243843)
(3.1997404 -0.00064270466 0.0015396977)
(3.1803973 -0.00063633464 0.0014602697)
(3.1618506 -0.00062671179 0.0013856737)
(3.1440577 -0.00061473251 0.0013155348)
(3.1269755 -0.00060108487 0.0012495176)
(3.1105626 -0.00058629585 0.0011873164)
(3.0947807 -0.00057076712 0.0011286524)
(3.0795954 -0.00055480837 0.0010732722)
(3.0649748 -0.00053865473 0.001020946)
(3.050889 -0.00052248485 0.00097146424)
(3.0373105 -0.00050643131 0.00092463561)
(3.0242134 -0.0004905941 0.00088028513)
(3.0115737 -0.00047504764 0.0008382523)
(2.9993691 -0.00045984608 0.00079839003)
(2.9875787 -0.00044502929 0.00076056271)
(2.9761828 -0.00043062321 0.00072464551)
(2.9651631 -0.00041664422 0.00069052308)
(2.9545024 -0.00040310079 0.00065808884)
(2.9441848 -0.00038999539 0.000627244)
(2.9341947 -0.00037732839 0.00059789685)
(2.9245185 -0.00036508903 0.00056996162)
(2.9151409 -0.00035328625 0.00054336209)
(2.9060557 -0.00034184218 0.00051800314)
(2.8972297 -0.00033103361 0.00049395967)
(2.8887198 -0.0003196528 0.00047012342)
(2.8803064 -0.00031250806 0.00045348429)
(2.8725927 -0.00029317926 0.00040002941)
(2.8643994 -0.00032632287 0.00054137321)
(2.8534991 -0.0002512879 0.00031975969)
(3.4785042 -0.00052396419 0.001244977)
(3.4483126 -0.00037201637 0.0022636502)
(3.4212113 -0.00015390957 0.0024737546)
(3.3921604 -8.342644e-05 0.0024010425)
(3.3633295 -5.2537716e-05 0.0022627367)
(3.3365449 -3.2131346e-05 0.002124905)
(3.3115732 -2.0931958e-05 0.0020005213)
(3.2877712 -1.6302956e-05 0.0018883645)
(3.2649514 -1.6151676e-05 0.0017855914)
(3.243155 -1.9352004e-05 0.0016904372)
(3.2223651 -2.5021586e-05 0.0016019383)
(3.2024981 -3.2376692e-05 0.0015194048)
(3.1834758 -4.0788103e-05 0.0014422398)
(3.1652448 -4.979183e-05 0.0013699304)
(3.1477617 -5.9049492e-05 0.0013020433)
(3.1309827 -6.8309945e-05 0.0012382048)
(3.1148657 -7.7386825e-05 0.0011780848)
(3.0993724 -8.6143987e-05 0.0011213903)
(3.0844679 -9.4489316e-05 0.0010678608)
(3.0701201 -0.00010236092 0.0010172641)
(3.0562991 -0.00010972095 0.00096939162)
(3.0429772 -0.00011654739 0.00092405506)
(3.0301284 -0.00012283269 0.00088108386)
(3.0177286 -0.00012858002 0.00084032281)
(3.0057556 -0.00013379959 0.00080163059)
(2.9941883 -0.00013850875 0.00076487752)
(2.9830072 -0.00014272693 0.00072994478)
(2.9721939 -0.00014647684 0.00069672277)
(2.9617314 -0.00014978197 0.00066511058)
(2.9516034 -0.00015266665 0.00063501478)
(2.9417948 -0.0001551596 0.00060634889)
(2.9322919 -0.00015727424 0.00057903189)
(2.9230794 -0.00015908301 0.0005529925)
(2.9141509 -0.00016041483 0.00052813886)
(2.9054749 -0.00016210495 0.00050455297)
(2.8971028 -0.00016085836 0.00048112908)
(2.8888323 -0.00017027685 0.00046483562)
(2.8812176 -0.00014147672 0.00041161129)
(2.8731787 -0.00028249126 0.00055575099)
(2.8624418 -7.3522871e-05 0.00032939304)
(3.4817853 -0.0012966414 0.0012484523)
(3.4581157 -0.001823353 0.0022796268)
(3.436975 -0.0017915346 0.0025041742)
(3.4135086 -0.0017342617 0.0024439058)
(3.3898958 -0.0016702225 0.0023146303)
(3.3679464 -0.0016083456 0.002182508)
(3.3474484 -0.0015564328 0.0020611535)
(3.3277854 -0.0015126805 0.0019500478)
(3.3087885 -0.0014743279 0.0018469263)
(3.2905131 -0.001439899 0.0017504543)
(3.2729572 -0.0014084887 0.0016599789)
(3.2560515 -0.0013793476 0.0015750332)
(3.2397316 -0.001351854 0.0014951801)
(3.2239572 -0.0013255477 0.0014200201)
(3.2086967 -0.001300106 0.0013491999)
(3.1939185 -0.0012752991 0.0012824021)
(3.1795921 -0.0012509612 0.0012193355)
(3.1656902 -0.0012269747 0.0011597341)
(3.1521889 -0.0012032641 0.0011033557)
(3.1390666 -0.001179783 0.0010499805)
(3.1263034 -0.0011565073 0.00099940795)
(3.1138814 -0.0011334269 0.00095145491)
(3.1017842 -0.0011105428 0.00090595381)
(3.0899967 -0.001087864 0.00086275097)
(3.0785053 -0.0010654024 0.00082170556)
(3.0672974 -0.0010431746 0.0007826877)
(3.0563612 -0.0010211953 0.00074557777)
(3.0456862 -0.00099948039 0.0007102649)
(3.0352621 -0.00097804255 0.00067664657)
(3.0250799 -0.00095689291 0.00064462744)
(3.0151305 -0.00093604091 0.0006141189)
(3.0054064 -0.0009154892 0.00058503774)
(2.9958982 -0.00089525746 0.0005573086)
(2.986604 -0.00087526683 0.00053084246)
(2.9775003 -0.00085596447 0.0005056997)
(2.9686296 -0.00083477136 0.00048080073)
(2.9598523 -0.00082649072 0.00046325366)
(2.9514967 -0.00076139197 0.00040758536)
(2.9433156 -0.00099449082 0.00055271033)
(2.931142 -0.0006295658 0.00032683812)
(3.4707855 -0.00092457359 0.001243858)
(3.425088 -0.0015991765 0.0022623276)
(3.3822965 -0.0018319211 0.002477329)
(3.3375462 -0.0019490078 0.00241085)
(3.2931818 -0.0020056411 0.0022776611)
(3.2511191 -0.0020262321 0.0021430344)
(3.2111479 -0.0020247815 0.0020200138)
(3.172628 -0.0020070672 0.0019077156)
(3.1353827 -0.0019766356 0.0018036519)
(3.0994681 -0.0019366384 0.0017063742)
(3.0648776 -0.0018897276 0.0016151778)
(3.0315317 -0.0018379485 0.0015295674)
(2.9993552 -0.0017828484 0.0014490883)
(2.9682971 -0.0017256238 0.0013733338)
(2.938315 -0.0016672103 0.0013019526)
(2.9093656 -0.0016083323 0.0012346338)
(2.8814053 -0.0015495459 0.0011710946)
(2.854394 -0.0014912746 0.0011110778)
(2.8282941 -0.0014338427 0.0010543496)
(2.8030702 -0.0013774954 0.0010006981)
(2.7786883 -0.0013224169 0.00094992923)
(2.7551161 -0.0012687426 0.00090186533)
(2.7323228 -0.0012165689 0.00085634311)
(2.7102788 -0.0011659624 0.000813212)
(2.688956 -0.0011169643 0.00077233342)
(2.6683273 -0.0010695969 0.00073357885)
(2.648367 -0.0010238651 0.00069682936)
(2.6290502 -0.00097976137 0.0006619742)
(2.610353 -0.0009372659 0.00062891064)
(2.5922528 -0.00089635003 0.00059754297)
(2.5747275 -0.00085697594 0.0005677824)
(2.5577567 -0.00081910454 0.0005395449)
(2.5413182 -0.00078267155 0.00051275823)
(2.5253998 -0.00074767653 0.00048732671)
(2.5099604 -0.00071398642 0.00046331188)
(2.4950526 -0.00068098506 0.00043986119)
(2.4804568 -0.00065582971 0.00042175658)
(2.4666358 -0.00059417142 0.00038073906)
(2.4532096 -0.00074944371 0.00045715222)
(2.4335134 -0.00047681069 0.00031857797)
(3.5068462 0.00092886898 0.0012446177)
(3.5306641 0.0016264475 0.0022819379)
(3.5544944 0.0018871774 0.0025343973)
(3.5735326 0.002031582 0.0025149931)
(3.5900138 0.002115914 0.002430186)
(3.6058451 0.0021648822 0.0023413591)
(3.6210026 0.0021922311 0.0022607213)
(3.6350708 0.0022036454 0.0021876605)
(3.6480346 0.0022025587 0.002120029)
(3.6600708 0.0021919165 0.0020565664)
(3.6712914 0.0021741431 0.0019966885)
(3.6817372 0.0021510829 0.0019400191)
(3.6914437 0.0021241168 0.0018862261)
(3.7004589 0.0020943005 0.0018350191)
(3.7088312 0.0020624512 0.001786156)
(3.7166019 0.0020291989 0.0017394317)
(3.7238077 0.0019950257 0.0016946661)
(3.7304823 0.0019603021 0.0016517015)
(3.7366579 0.0019253134 0.001610398)
(3.7423641 0.0018902799 0.0015706335)
(3.7476283 0.0018553715 0.0015322995)
(3.752476 0.0018207193 0.0014953005)
(3.7569308 0.0017864238 0.0014595515)
(3.7610148 0.0017525613 0.0014249761)
(3.7647487 0.0017191893 0.0013915064)
(3.7681517 0.0016863491 0.0013590802)
(3.7712419 0.0016540698 0.0013276426)
(3.7740362 0.00162237 0.0012971432)
(3.7765505 0.0015912597 0.0012675373)
(3.7787999 0.0015607422 0.0012387843)
(3.7807984 0.0015308132 0.0012108468)
(3.7825598 0.0015014673 0.0011836913)
(3.7840953 0.0014726807 0.0011572888)
(3.7854221 0.0014444662 0.0011315961)
(3.7865359 0.0014167909 0.001106679)
(3.7874975 0.0013889808 0.0010819247)
(3.7881657 0.0013675483 0.0010608445)
(3.7889846 0.0013129016 0.0010234197)
(3.7889008 0.0014437632 0.0010666994)
(3.7896654 0.00121469 0.00095992993)
(3.5178603 0.0012995355 0.0012478764)
(3.5638896 0.0018504672 0.0022919398)
(3.6097674 0.0018487833 0.0025477947)
(3.6507129 0.0018171904 0.0025288691)
(3.6888154 0.0017774019 0.0024428407)
(3.7258949 0.0017390646 0.0023520288)
(3.7619326 0.0017095592 0.0022691847)
(3.796539 0.0016871783 0.0021940054)
(3.8297104 0.0016693435 0.0021245187)
(3.8616264 0.0016546572 0.0020595445)
(3.8924044 0.0016422666 0.0019985232)
(3.9220933 0.0016314855 0.0019410809)
(3.9507359 0.0016217625 0.0018868776)
(3.9783863 0.0016126962 0.0018356067)
(4.005098 0.0016040096 0.0017870029)
(4.0309179 0.0015955083 0.0017408341)
(4.0558873 0.001587054 0.0016968924)
(4.0800452 0.0015785523 0.0016549923)
(4.1034285 0.0015699413 0.0016149677)
(4.1260713 0.0015611841 0.0015766707)
(4.1480059 0.0015522613 0.0015399694)
(4.1692621 0.0015431668 0.0015047458)
(4.1898682 0.0015339031 0.0014708945)
(4.2098508 0.0015244785 0.0014383201)
(4.2292348 0.0015149047 0.0014069371)
(4.2480438 0.0015051944 0.0013766676)
(4.2663002 0.0014953617 0.0013474413)
(4.2840249 0.00148542 0.0013191943)
(4.301238 0.0014753826 0.0012918688)
(4.3179582 0.0014652612 0.001265412)
(4.3342033 0.0014550658 0.001239775)
(4.3499906 0.0014448025 0.0012149136)
(4.3653347 0.00143449 0.0011907874)
(4.3802547 0.0014240658 0.0011673453)
(4.3947533 0.0014138925 0.0011446534)
(4.4088784 0.0014019319 0.0011219057)
(4.4225376 0.0013997086 0.0011042842)
(4.4361225 0.0013520913 0.0010598154)
(4.4481135 0.0015378247 0.0011527247)
(4.4678946 0.0012645691 0.00099186106)
(3.5145805 0.00052406773 0.0012454626)
(3.5538969 0.00038488931 0.0022800102)
(3.5933635 0.00017922779 0.0025237474)
(3.6280522 0.00011437097 0.0024938226)
(3.6600825 8.7335781e-05 0.0023993431)
(3.6913228 7.0329942e-05 0.0023026313)
(3.7217607 6.1809096e-05 0.0022159403)
(3.751001 5.922185e-05 0.0021384102)
(3.779037 6.0622784e-05 0.0020676137)
(3.8060452 6.4975407e-05 0.0020020404)
(3.832138 7.1489294e-05 0.0019408996)
(3.8573576 7.9476422e-05 0.0018836568)
(3.8817398 8.8395648e-05 0.0018298612)
(3.905332 9.7853374e-05 0.0017791306)
(3.9281812 0.00010756749 0.0017311487)
(3.9503275 0.00011733132 0.0016856493)
(3.971806 0.00012699314 0.0016424019)
(3.9926492 0.00013644551 0.001601207)
(4.0128878 0.00014561254 0.0015618893)
(4.0325502 0.00015444379 0.0015242962)
(4.0516628 0.00016290715 0.0014882926)
(4.0702499 0.00017098574 0.0014537595)
(4.0883343 0.00017867256 0.0014205908)
(4.1059375 0.00018596781 0.0013886914)
(4.1230793 0.00019287719 0.0013579764)
(4.1397787 0.00019940931 0.0013283684)
(4.1560531 0.00020557657 0.0012997984)
(4.1719193 0.00021139317 0.001272203)
(4.1873928 0.00021687517 0.0012455255)
(4.2024885 0.00022203856 0.0012197138)
(4.2172201 0.0002269014 0.00119472)
(4.2316014 0.000231473 0.0011705005)
(4.2456434 0.00023580359 0.0011470168)
(4.2593623 0.0002397646 0.0011242154)
(4.2727552 0.0002439606 0.0011021738)
(4.2858787 0.00024603833 0.0010800747)
(4.2985895 0.00025544974 0.0010629958)
(4.3114557 0.00023918293 0.0010198432)
(4.3223962 0.00033445735 0.0011124703)
(4.3414215 0.00020200388 0.00095028497)
(3.5145527 0.00015239226 0.0012448391)
(3.553819 0.00016156547 0.0022811795)
(3.5933002 0.00022450796 0.0025296856)
(3.6280005 0.00034381484 0.0025054149)
(3.6600243 0.00045037245 0.0024156233)
(3.6912405 0.0005308515 0.0023219906)
(3.721631 0.00058973402 0.0022368855)
(3.7507961 0.00063178351 0.0021597982)
(3.7787266 0.00066100233 0.0020886471)
(3.8055987 0.00068060245 0.002022194)
(3.8315253 0.00069298646 0.001959845)
(3.8565498 0.00069993343 0.0019012019)
(3.88071 0.00070278596 0.0018459076)
(3.9040551 0.00070256642 0.0017936428)
(3.9266341 0.0007000534 0.0017441333)
(3.948489 0.00069583748 0.00169714)
(3.9696569 0.0006903665 0.0016524492)
(3.9901722 0.00068398199 0.001609871)
(4.0100672 0.00067694196 0.0015692352)
(4.0293719 0.00066944338 0.0015303911)
(4.0481141 0.0006616361 0.0014932033)
(4.0663196 0.00065363579 0.001457551)
(4.0840125 0.00064553012 0.0014233255)
(4.1012152 0.00063738546 0.0013904287)
(4.1179489 0.00062925227 0.0013587726)
(4.1342333 0.00062116756 0.0013282765)
(4.1500869 0.00061316011 0.0012988681)
(4.1655273 0.00060525098 0.001270481)
(4.1805707 0.00059745599 0.0012430553)
(4.1952328 0.00058978582 0.0012165361)
(4.209528 0.00058224765 0.0011908729)
(4.2234706 0.00057484412 0.0011660195)
(4.2370722 0.0005675871 0.0011419349)
(4.2503497 0.0005604287 0.001118564)
(4.2633 0.00055357025 0.0010959806)
(4.2759832 0.00054616082 0.001073367)
(4.288247 0.00054158817 0.0010558123)
(4.3006826 0.00052848645 0.0010122821)
(4.3111883 0.0005501049 0.0011027552)
(4.3295378 0.00050114557 0.00094333136)
(3.5145527 -0.00015239218 0.0012448391)
(3.553819 -0.00016156526 0.0022811795)
(3.5933002 -0.00022450804 0.0025296856)
(3.6280005 -0.00034381523 0.0025054149)
(3.6600243 -0.00045037312 0.0024156233)
(3.6912405 -0.00053085218 0.0023219906)
(3.721631 -0.00058973435 0.0022368855)
(3.7507961 -0.00063178363 0.0021597982)
(3.7787266 -0.00066100248 0.0020886471)
(3.8055987 -0.00068060382 0.0020221941)
(3.8315253 -0.00069298773 0.0019598451)
(3.8565498 -0.00069993459 0.0019012021)
(3.8807101 -0.00070278723 0.0018459078)
(3.9040551 -0.00070256891 0.0017936431)
(3.9266341 -0.00070005766 0.0017441337)
(3.9484891 -0.00069584381 0.0016971405)
(3.969657 -0.0006903753 0.0016524499)
(3.9901722 -0.00068399144 0.0016098717)
(4.0100672 -0.00067695258 0.001569236)
(4.0293719 -0.00066945636 0.001530392)
(4.0481141 -0.00066165364 0.0014932044)
(4.0663196 -0.00065365788 0.0014575523)
(4.0840125 -0.0006455561 0.001423327)
(4.1012153 -0.00063741491 0.0013904302)
(4.1179489 -0.00062928457 0.001358774)
(4.1342333 -0.0006212042 0.0013282778)
(4.150087 -0.00061320182 0.0012988694)
(4.1655273 -0.00060529851 0.0012704822)
(4.1805707 -0.00059750875 0.0012430563)
(4.1952328 -0.00058984279 0.0012165368)
(4.209528 -0.00058230834 0.0011908732)
(4.2234706 -0.00057490548 0.0011660192)
(4.2370722 -0.00056764785 0.0011419339)
(4.2503498 -0.00056048567 0.0011185623)
(4.2633 -0.00055362603 0.0010959783)
(4.2759832 -0.00054621086 0.0010733642)
(4.288247 -0.00054163938 0.001055809)
(4.3006827 -0.00052852599 0.0010122764)
(4.3111883 -0.00055007891 0.0011027665)
(4.3295378 -0.00050140306 0.00094333552)
(3.5145805 -0.00052406765 0.0012454626)
(3.5538969 -0.00038488909 0.0022800103)
(3.5933635 -0.00017922782 0.0025237474)
(3.6280522 -0.00011437125 0.0024938227)
(3.6600825 -8.7336308e-05 0.0023993431)
(3.6913228 -7.0330442e-05 0.0023026314)
(3.7217607 -6.1809275e-05 0.0022159403)
(3.751001 -5.9221838e-05 0.0021384101)
(3.779037 -6.062258e-05 0.0020676137)
(3.8060452 -6.4975958e-05 0.0020020406)
(3.832138 -7.1489506e-05 0.0019408999)
(3.8573576 -7.9476296e-05 0.0018836571)
(3.8817398 -8.8395115e-05 0.0018298616)
(3.9053321 -9.7853184e-05 0.0017791311)
(3.9281813 -0.0001075681 0.0017311495)
(3.9503276 -0.00011733308 0.0016856505)
(3.971806 -0.00012699649 0.0016424036)
(3.9926493 -0.0001364487 0.0016012089)
(4.0128879 -0.00014561573 0.0015618914)
(4.0325503 -0.00015444775 0.0015242986)
(4.0516629 -0.00016291376 0.0014882957)
(4.07025 -0.00017099516 0.0014537633)
(4.0883345 -0.00017868422 0.0014205951)
(4.1059377 -0.00018598131 0.0013886959)
(4.1230796 -0.00019289167 0.0013579809)
(4.139779 -0.00019942591 0.0013283729)
(4.1560534 -0.00020559582 0.0012998029)
(4.1719197 -0.00021141597 0.0012722074)
(4.1873932 -0.00021690106 0.0012455295)
(4.202489 -0.0002220668 0.001219717)
(4.2172207 -0.00022693156 0.001194722)
(4.2316021 -0.00023150283 0.0011705008)
(4.2456441 -0.00023583229 0.0011470148)
(4.2593631 -0.00023979006 0.0011242105)
(4.2727561 -0.00024398542 0.0011021659)
(4.2858797 -0.00024605955 0.0010800636)
(4.2985906 -0.00025547424 0.0010629806)
(4.3114569 -0.00023920137 0.0010198241)
(4.3223973 -0.0003344191 0.0011124551)
(4.3414227 -0.00020216792 0.00095028355)
(3.5178603 -0.0012995355 0.0012478764)
(3.5638896 -0.0018504671 0.0022919398)
(3.6097674 -0.0018487834 0.0025477947)
(3.6507129 -0.0018171907 0.0025288691)
(3.6888154 -0.0017774025 0.0024428408)
(3.7258949 -0.0017390653 0.0023520288)
(3.7619326 -0.0017095598 0.0022691847)
(3.796539 -0.0016871792 0.0021940054)
(3.8297104 -0.0016693447 0.0021245188)
(3.8616264 -0.0016546597 0.0020595448)
(3.8924044 -0.0016422699 0.0019985238)
(3.9220934 -0.0016314902 0.0019410816)
(3.9507361 -0.0016217686 0.0018868784)
(3.9783865 -0.0016127044 0.0018356077)
(4.0050983 -0.0016040206 0.0017870043)
(4.0309183 -0.0015955227 0.0017408362)
(4.0558878 -0.0015870728 0.0016968953)
(4.0800459 -0.0015785749 0.0016549957)
(4.1034293 -0.0015699683 0.0016149713)
(4.1260724 -0.0015612162 0.0015766748)
(4.1480072 -0.0015523003 0.0015399744)
(4.1692637 -0.0015432137 0.0015047519)
(4.1898701 -0.0015339585 0.0014709015)
(4.2098531 -0.0015245428 0.0014383274)
(4.2292375 -0.0015149774 0.0014069444)
(4.248047 -0.0015052767 0.0013766745)
(4.2663039 -0.0014954536 0.0013474481)
(4.2840293 -0.0014855224 0.0013192006)
(4.301243 -0.0014754951 0.0012918742)
(4.3179639 -0.0014653825 0.0012654157)
(4.3342097 -0.0014551941 0.0012397767)
(4.3499978 -0.0014449346 0.0012149123)
(4.3653427 -0.0014346226 0.0011907827)
(4.3802635 -0.0014241951 0.0011673362)
(4.3947629 -0.0014140171 0.0011446404)
(4.4088888 -0.0014020489 0.0011218885)
(4.4225487 -0.0013998258 0.0011042643)
(4.4361344 -0.0013521957 0.0010597852)
(4.4481262 -0.0015379543 0.0011526998)
(4.4679086 -0.0012647303 0.00099186727)
(3.5068462 -0.000928869 0.0012446177)
(3.5306641 -0.0016264475 0.0022819379)
(3.5544944 -0.0018871776 0.0025343973)
(3.5735326 -0.0020315822 0.0025149931)
(3.5900138 -0.0021159145 0.0024301861)
(3.6058451 -0.0021648829 0.0023413592)
(3.6210026 -0.0021922318 0.0022607214)
(3.6350708 -0.0022036467 0.0021876606)
(3.6480346 -0.0022025607 0.0021200292)
(3.6600707 -0.0021919197 0.0020565669)
(3.6712913 -0.0021741478 0.0019966893)
(3.6817371 -0.0021510896 0.0019400201)
(3.6914436 -0.002124126 0.0018862274)
(3.7004587 -0.0020943126 0.0018350209)
(3.7088309 -0.0020624671 0.0017861586)
(3.7166015 -0.0020292191 0.0017394354)
(3.7238072 -0.0019950514 0.0016946711)
(3.7304817 -0.0019603337 0.0016517074)
(3.736657 -0.0019253519 0.0016104047)
(3.742363 -0.0018903262 0.0015706413)
(3.7476269 -0.0018554271 0.001532309)
(3.7524741 -0.0018207856 0.0014953118)
(3.7569285 -0.0017865019 0.0014595644)
(3.761012 -0.0017526525 0.0014249899)
(3.7647452 -0.0017192939 0.0013915205)
(3.7681475 -0.0016864683 0.0013590947)
(3.7712368 -0.001654204 0.0013276574)
(3.7740302 -0.0016225201 0.0012971581)
(3.7765434 -0.0015914257 0.0012675518)
(3.7787916 -0.0015609234 0.0012387972)
(3.7807888 -0.0015310081 0.0012108574)
(3.7825489 -0.0015016734 0.0011836981)
(3.784083 -0.0014728951 0.0011572907)
(3.7854084 -0.0014446851 0.0011315916)
(3.7865207 -0.0014170114 0.0011066684)
(3.7874809 -0.0013892004 0.0010819083)
(3.7881477 -0.0013677716 0.0010608238)
(3.7889652 -0.0013131192 0.0010233912)
(3.78888 -0.0014440364 0.0010666869)
(3.7896423 -0.0012149373 0.00095992405)
(3.5068462 0.00092886898 -0.0012446177)
(3.5306641 0.0016264475 -0.0022819378)
(3.5544944 0.0018871774 -0.0025343973)
(3.5735326 0.002031582 -0.0025149933)
(3.5900138 0.002115914 -0.0024301865)
(3.6058451 0.0021648822 -0.0023413599)
(3.6210026 0.0021922311 -0.0022607222)
(3.6350708 0.0022036454 -0.0021876619)
(3.6480347 0.0022025588 -0.0021200308)
(3.6600708 0.0021919165 -0.0020565699)
(3.6712915 0.0021741432 -0.0019966933)
(3.6817374 0.002151083 -0.0019400259)
(3.6914439 0.002124117 -0.0018862352)
(3.7004592 0.0020943007 -0.0018350313)
(3.7088315 0.0020624516 -0.0017861725)
(3.7166024 0.0020291994 -0.0017394534)
(3.7238083 0.0019950265 -0.0016946952)
(3.730483 0.0019603032 -0.0016517381)
(3.7366588 0.0019253148 -0.0016104441)
(3.7423651 0.0018902818 -0.0015706906)
(3.7476295 0.0018553741 -0.0015323701)
(3.7524773 0.0018207227 -0.0014953862)
(3.7569323 0.0017864282 -0.0014596521)
(3.7610165 0.0017525669 -0.0014250911)
(3.7647505 0.0017191961 -0.0013916327)
(3.7681536 0.0016863573 -0.0013592153)
(3.7712439 0.0016540796 -0.0013277812)
(3.7740382 0.0016223815 -0.0012972794)
(3.7765525 0.001591273 -0.0012676622)
(3.7788017 0.0015607574 -0.0012388863)
(3.7808 0.0015308304 -0.0012109123)
(3.7825612 0.0015014867 -0.0011837028)
(3.7840965 0.0014727024 -0.0011572281)
(3.785423 0.0014444906 -0.0011314426)
(3.7865365 0.0014168185 -0.001106416)
(3.7874979 0.0013890128 -0.00108154)
(3.788166 0.0013675869 -0.0010603337)
(3.788985 0.0013129467 -0.0010227667)
(3.7889011 0.001443846 -0.0010657402)
(3.7896667 0.0012147264 -0.00095919932)
(3.5178603 0.0012995355 -0.0012478764)
(3.5638896 0.0018504672 -0.0022919397)
(3.6097674 0.0018487833 -0.0025477948)
(3.6507129 0.0018171904 -0.0025288693)
(3.6888154 0.0017774019 -0.0024428412)
(3.7258949 0.0017390646 -0.0023520295)
(3.7619326 0.0017095592 -0.0022691854)
(3.796539 0.0016871783 -0.0021940066)
(3.8297104 0.0016693435 -0.0021245203)
(3.8616264 0.0016546572 -0.0020595475)
(3.8924045 0.0016422666 -0.0019985272)
(3.9220934 0.0016314856 -0.0019410865)
(3.9507361 0.0016217626 -0.001886885)
(3.9783865 0.0016126963 -0.0018356163)
(4.0050984 0.0016040098 -0.0017870154)
(4.0309183 0.0015955087 -0.0017408499)
(4.0558878 0.0015870546 -0.0016969128)
(4.0800458 0.0015785531 -0.0016550166)
(4.1034292 0.0015699423 -0.0016149963)
(4.1260722 0.0015611855 -0.0015767037)
(4.1480069 0.0015522633 -0.0015400071)
(4.1692633 0.0015431695 -0.0015047878)
(4.1898695 0.0015339068 -0.0014709387)
(4.2098522 0.0015244832 -0.001438364)
(4.2292363 0.0015149106 -0.001406976)
(4.2480454 0.0015052017 -0.0013766971)
(4.2663018 0.0014953704 -0.0013474551)
(4.2840266 0.0014854305 -0.0013191853)
(4.3012396 0.001475395 -0.0012918273)
(4.3179598 0.0014652754 -0.0012653259)
(4.3342048 0.0014550821 -0.0012396302)
(4.349992 0.001444821 -0.0012146923)
(4.365336 0.0014345105 -0.0011904705)
(4.3802559 0.0014240886 -0.0011669106)
(4.3947544 0.0014139176 -0.001144081)
(4.4088796 0.0014019602 -0.001121177)
(4.4225388 0.0013997412 -0.0011033785)
(4.4361241 0.0013521337 -0.0010587119)
(4.4481157 0.0015378951 -0.0011511244)
(4.4678984 0.0012645693 -0.00099064785)
(3.5145805 0.00052406773 -0.0012454626)
(3.5538969 0.00038488931 -0.0022800101)
(3.5933635 0.00017922779 -0.0025237474)
(3.6280522 0.00011437097 -0.0024938228)
(3.6600825 8.7335782e-05 -0.0023993436)
(3.6913228 7.0329938e-05 -0.002302632)
(3.7217607 6.1809095e-05 -0.002215941)
(3.751001 5.9221844e-05 -0.0021384113)
(3.779037 6.0622746e-05 -0.0020676154)
(3.8060452 6.4975374e-05 -0.0020020435)
(3.8321381 7.1489287e-05 -0.0019409034)
(3.8573577 7.9476411e-05 -0.001883662)
(3.88174 8.8395584e-05 -0.0018298684)
(3.9053323 9.785326e-05 -0.0017791401)
(3.9281816 0.00010756738 -0.001731161)
(3.9503279 0.00011733124 -0.0016856645)
(3.9718065 0.00012699311 -0.0016424214)
(3.9926498 0.00013644546 -0.0016012302)
(4.0128885 0.00014561244 -0.0015619168)
(4.032551 0.00015444368 -0.0015243276)
(4.0516637 0.00016290714 -0.001488328)
(4.0702509 0.00017098591 -0.001453798)
(4.0883354 0.00017867295 -0.00142063)
(4.1059386 0.00018596843 -0.0013887283)
(4.1230806 0.00019287808 -0.0013580058)
(4.1397799 0.00019941054 -0.0013283855)
(4.1560543 0.00020557827 -0.0012997957)
(4.1719204 0.00021139545 -0.0012721727)
(4.1873938 0.00021687811 -0.0012454572)
(4.2024893 0.00022204218 -0.0012195951)
(4.2172208 0.00022690573 -0.0011945367)
(4.2316018 0.00023147794 -0.0011702355)
(4.2456435 0.00023580908 -0.001146652)
(4.2593622 0.00023977042 -0.0011237308)
(4.2727549 0.00024396667 -0.0011015517)
(4.2858783 0.00024604467 -0.0010792983)
(4.2985891 0.00025545612 -0.00106205)
(4.3114555 0.0002391967 -0.0010186746)
(4.3223962 0.00033447224 -0.0011107962)
(4.3414228 0.00020197101 -0.00094926591)
(3.5145527 0.00015239226 -0.0012448391)
(3.553819 0.00016156547 -0.0022811794)
(3.5933002 0.00022450796 -0.0025296856)
(3.6280005 0.00034381484 -0.0025054151)
(3.6600243 0.00045037244 -0.0024156238)
(3.6912405 0.0005308515 -0.0023219913)
(3.721631 0.00058973401 -0.0022368861)
(3.7507961 0.00063178349 -0.0021597993)
(3.7787267 0.0006610023 -0.0020886487)
(3.8055988 0.00068060245 -0.0020221969)
(3.8315253 0.00069298647 -0.0019598485)
(3.8565499 0.00069993344 -0.0019012068)
(3.8807102 0.00070278595 -0.0018459143)
(3.9040554 0.00070256639 -0.0017936517)
(3.9266344 0.00070005339 -0.0017441446)
(3.9484894 0.00069583753 -0.0016971535)
(3.9696574 0.00069036662 -0.0016524661)
(3.9901727 0.00068398211 -0.0016098907)
(4.0100678 0.00067694207 -0.0015692581)
(4.0293726 0.00066944353 -0.0015304162)
(4.0481149 0.00066163639 -0.00149323)
(4.0663204 0.00065363629 -0.0014575777)
(4.0840134 0.00064553087 -0.001423349)
(4.1012161 0.00063738644 -0.0013904457)
(4.1179498 0.00062925348 -0.0013587771)
(4.1342341 0.00062116906 -0.0013282629)
(4.1500877 0.000613162 -0.001298828)
(4.1655279 0.00060525334 -0.0012704059)
(4.1805711 0.00059745889 -0.0012429342)
(4.195233 0.00058978924 -0.0012163561)
(4.2095279 0.00058225167 -0.0011906193)
(4.2234702 0.00057484871 -0.0011656747)
(4.2370715 0.00056759236 -0.0011414805)
(4.2503488 0.00056043464 -0.0011179796)
(4.2632988 0.00055357711 -0.0010952473)
(4.2759819 0.00054616875 -0.001072467)
(4.2882457 0.00054159807 -0.0010547259)
(4.3006816 0.00052849866 -0.0010109437)
(4.3111877 0.0005501286 -0.001100859)
(4.3295387 0.00050115381 -0.00094219419)
(3.5145527 -0.00015239218 -0.0012448391)
(3.553819 -0.00016156526 -0.0022811793)
(3.5933002 -0.00022450804 -0.0025296856)
(3.6280005 -0.00034381523 -0.0025054151)
(3.6600243 -0.00045037313 -0.0024156237)
(3.6912405 -0.00053085219 -0.0023219913)
(3.721631 -0.00058973438 -0.0022368861)
(3.7507961 -0.00063178367 -0.0021597993)
(3.7787267 -0.00066100252 -0.0020886487)
(3.8055988 -0.00068060383 -0.0020221969)
(3.8315253 -0.00069298775 -0.0019598484)
(3.8565499 -0.00069993464 -0.0019012067)
(3.8807102 -0.0007027873 -0.0018459142)
(3.9040554 -0.00070256899 -0.0017936516)
(3.9266344 -0.00070005775 -0.0017441444)
(3.9484894 -0.0006958439 -0.0016971532)
(3.9696574 -0.00069037538 -0.0016524657)
(3.9901727 -0.00068399159 -0.0016098903)
(4.0100678 -0.00067695282 -0.0015692578)
(4.0293726 -0.00066945671 -0.001530416)
(4.0481149 -0.00066165405 -0.0014932298)
(4.0663204 -0.00065365837 -0.0014575774)
(4.0840133 -0.00064555671 -0.0014233488)
(4.1012161 -0.00063741575 -0.0013904457)
(4.1179498 -0.00062928575 -0.0013587775)
(4.1342341 -0.00062120577 -0.0013282637)
(4.1500877 -0.00061320381 -0.0012988293)
(4.1655279 -0.000605301 -0.0012704077)
(4.1805711 -0.00059751184 -0.0012429364)
(4.195233 -0.00058984664 -0.0012163591)
(4.2095279 -0.00058231305 -0.001190623)
(4.2234702 -0.00057491129 -0.0011656795)
(4.2370715 -0.00056765488 -0.0011414862)
(4.2503488 -0.0005604942 -0.0011179865)
(4.2632988 -0.00055363611 -0.0010952553)
(4.2759819 -0.00054622281 -0.0010724759)
(4.2882458 -0.00054165396 -0.0010547352)
(4.3006817 -0.00052854454 -0.001010956)
(4.3111878 -0.00055010535 -0.0011008605)
(4.3295387 -0.00050140577 -0.00094218843)
(3.5145805 -0.00052406765 -0.0012454626)
(3.5538969 -0.00038488909 -0.0022800101)
(3.5933635 -0.00017922782 -0.0025237474)
(3.6280522 -0.00011437125 -0.0024938228)
(3.6600825 -8.7336321e-05 -0.0023993435)
(3.6913228 -7.0330447e-05 -0.0023026319)
(3.7217607 -6.1809299e-05 -0.002215941)
(3.751001 -5.9221877e-05 -0.0021384113)
(3.779037 -6.062259e-05 -0.0020676153)
(3.8060452 -6.4975941e-05 -0.0020020432)
(3.8321381 -7.1489502e-05 -0.001940903)
(3.8573577 -7.9476297e-05 -0.0018836615)
(3.88174 -8.8395098e-05 -0.0018298677)
(3.9053323 -9.7853156e-05 -0.0017791392)
(3.9281815 -0.00010756808 -0.0017311597)
(3.9503279 -0.00011733305 -0.0016856626)
(3.9718064 -0.00012699644 -0.0016424187)
(3.9926497 -0.00013644868 -0.0016012271)
(4.0128884 -0.00014561578 -0.0015619134)
(4.032551 -0.00015444788 -0.0015243238)
(4.0516636 -0.00016291397 -0.0014883235)
(4.0702508 -0.00017099549 -0.0014537926)
(4.0883354 -0.00017868472 -0.0014206238)
(4.1059386 -0.00018598211 -0.0013887218)
(4.1230805 -0.0001928929 -0.0013579993)
(4.1397799 -0.00019942769 -0.0013283791)
(4.1560544 -0.00020559823 -0.0012997892)
(4.1719205 -0.00021141914 -0.0012721663)
(4.1873939 -0.00021690514 -0.001245451)
(4.2024895 -0.00022207196 -0.0012195897)
(4.2172211 -0.00022693788 -0.0011945325)
(4.2316022 -0.00023151043 -0.0011702332)
(4.245644 -0.00023584112 -0.001146652)
(4.2593627 -0.0002398001 -0.001123734)
(4.2727555 -0.0002439964 -0.0011015579)
(4.285879 -0.00024607154 -0.0010793081)
(4.2985899 -0.00025548667 -0.0010620628)
(4.3114564 -0.00023922322 -0.0010186928)
(4.3223972 -0.00033444315 -0.0011108175)
(4.3414238 -0.00020213628 -0.00094924628)
(3.5178603 -0.0012995355 -0.0012478764)
(3.5638896 -0.0018504671 -0.0022919396)
(3.6097674 -0.0018487834 -0.0025477947)
(3.6507129 -0.0018171907 -0.0025288693)
(3.6888154 -0.0017774026 -0.0024428412)
(3.7258949 -0.0017390653 -0.0023520294)
(3.7619326 -0.0017095599 -0.0022691854)
(3.796539 -0.0016871793 -0.0021940067)
(3.8297104 -0.0016693447 -0.0021245204)
(3.8616265 -0.0016546597 -0.0020595473)
(3.8924045 -0.00164227 -0.0019985269)
(3.9220935 -0.0016314903 -0.0019410861)
(3.9507362 -0.0016217687 -0.0018868845)
(3.9783867 -0.0016127045 -0.0018356158)
(4.0050986 -0.0016040208 -0.0017870146)
(4.0309186 -0.001595523 -0.0017408486)
(4.0558882 -0.0015870732 -0.0016969109)
(4.0800464 -0.0015785755 -0.0016550148)
(4.1034299 -0.0015699691 -0.0016149948)
(4.1260731 -0.0015612173 -0.0015767024)
(4.148008 -0.0015523019 -0.0015400058)
(4.1692646 -0.0015432159 -0.0015047865)
(4.1898712 -0.0015339614 -0.0014709376)
(4.2098542 -0.0015245466 -0.0014383639)
(4.2292387 -0.0015149823 -0.0014069776)
(4.2480483 -0.0015052828 -0.0013767007)
(4.2663053 -0.0014954611 -0.0013474607)
(4.2840306 -0.0014855315 -0.001319193)
(4.3012443 -0.0014755058 -0.0012918375)
(4.3179652 -0.0014653951 -0.0012653394)
(4.334211 -0.0014552089 -0.0012396473)
(4.3499989 -0.0014449516 -0.0012147138)
(4.3653437 -0.0014346422 -0.0011904967)
(4.3802644 -0.0014242173 -0.0011669423)
(4.3947637 -0.0014140422 -0.0011441173)
(4.4088897 -0.0014020775 -0.001121218)
(4.4225497 -0.0013998583 -0.0011034215)
(4.4361358 -0.0013522406 -0.0010587654)
(4.4481281 -0.0015380151 -0.0011511795)
(4.467912 -0.0012647335 -0.00099065321)
(3.5068462 -0.000928869 -0.0012446177)
(3.5306641 -0.0016264475 -0.0022819377)
(3.5544944 -0.0018871776 -0.0025343972)
(3.5735326 -0.0020315822 -0.0025149932)
(3.5900138 -0.0021159145 -0.0024301864)
(3.6058451 -0.0021648829 -0.0023413597)
(3.6210026 -0.0021922319 -0.0022607221)
(3.6350708 -0.0022036467 -0.0021876618)
(3.6480346 -0.0022025607 -0.0021200306)
(3.6600708 -0.0021919198 -0.0020565692)
(3.6712914 -0.0021741479 -0.0019966922)
(3.6817372 -0.0021510898 -0.0019400244)
(3.6914437 -0.0021241261 -0.0018862332)
(3.7004589 -0.0020943128 -0.0018350285)
(3.7088311 -0.0020624674 -0.0017861687)
(3.7166018 -0.0020292195 -0.0017394481)
(3.7238075 -0.001995052 -0.001694688)
(3.7304821 -0.0019603345 -0.0016517295)
(3.7366575 -0.0019253529 -0.0016104341)
(3.7423636 -0.0018903276 -0.0015706789)
(3.7476276 -0.001855429 -0.001532356)
(3.752475 -0.0018207881 -0.0014953692)
(3.7569294 -0.0017865052 -0.0014596323)
(3.761013 -0.0017526566 -0.0014250689)
(3.7647464 -0.0017192991 -0.0013916085)
(3.7681487 -0.0016864746 -0.001359189)
(3.7712381 -0.0016542116 -0.0013277526)
(3.7740315 -0.001622529 -0.0012972486)
(3.7765447 -0.001591436 -0.0012676295)
(3.7787928 -0.0015609353 -0.0012388528)
(3.7807898 -0.0015310219 -0.0012108789)
(3.7825497 -0.0015016894 -0.0011836713)
(3.7840837 -0.0014729135 -0.0011571999)
(3.7854088 -0.0014447066 -0.0011314198)
(3.786521 -0.0014170365 -0.001106399)
(3.787481 -0.0013892302 -0.0010815294)
(3.7881478 -0.0013678083 -0.001060327)
(3.7889655 -0.0013131624 -0.0010227724)
(3.7888804 -0.0014441105 -0.0010657191)
(3.7896439 -0.0012149783 -0.000959188)
(3.4707855 0.00092457357 -0.001243858)
(3.425088 0.0015991764 -0.0022623276)
(3.3822965 0.001831921 -0.002477329)
(3.3375462 0.0019490075 -0.0024108502)
(3.2931818 0.0020056406 -0.0022776615)
(3.2511191 0.0020262314 -0.002143035)
(3.2111479 0.0020247807 -0.0020200146)
(3.172628 0.0020070659 -0.0019077172)
(3.1353827 0.0019766336 -0.0018036542)
(3.0994681 0.0019366349 -0.0017063781)
(3.0648775 0.0018897225 -0.0016151833)
(3.0315316 0.0018379412 -0.0015295751)
(2.999355 0.0017828385 -0.0014490986)
(2.9682968 0.0017256107 -0.0013733472)
(2.9383146 0.0016671932 -0.00130197)
(2.909365 0.0016083109 -0.0012346558)
(2.8814046 0.0015495191 -0.0011711229)
(2.8543931 0.0014912424 -0.0011111132)
(2.8282929 0.0014338047 -0.0010543937)
(2.8030685 0.0013774513 -0.001000752)
(2.7786861 0.0013223659 -0.00094999471)
(2.7551132 0.001268684 -0.00090194358)
(2.7323191 0.0012165026 -0.00085643421)
(2.7102741 0.0011658884 -0.00081331576)
(2.6889503 0.0011168833 -0.00077244748)
(2.6683205 0.0010695089 -0.00073370074)
(2.6483589 0.0010237708 -0.00069695435)
(2.6290409 0.00097966125 -0.00066209718)
(2.6103427 0.00093716145 -0.00062902464)
(2.5922417 0.00089624406 -0.00059763936)
(2.5747158 0.00085687243 -0.00056785114)
(2.557745 0.00081900978 -0.0005395732)
(2.5413071 0.00078259251 -0.00051273284)
(2.52539 0.00074762242 -0.00048723248)
(2.509953 0.00071396546 -0.00046313628)
(2.4950486 0.00068100665 -0.00043959401)
(2.4804572 0.0006558981 -0.0004213964)
(2.4666419 0.00059430496 -0.0003802803)
(2.4532227 0.00074964611 -0.00045646892)
(2.433539 0.00047695258 -0.00031802522)
(3.4817853 0.0012966414 -0.0012484523)
(3.4581157 0.0018233531 -0.0022796268)
(3.436975 0.0017915345 -0.0025041743)
(3.4135086 0.0017342614 -0.002443906)
(3.3898958 0.0016702218 -0.0023146308)
(3.3679464 0.0016083448 -0.0021825087)
(3.3474484 0.0015564322 -0.0020611544)
(3.3277854 0.0015126796 -0.0019500493)
(3.3087884 0.0014743266 -0.0018469284)
(3.290513 0.0014398963 -0.0017504579)
(3.272957 0.0014084851 -0.0016599838)
(3.2560511 0.0013793427 -0.00157504)
(3.2397311 0.0013518476 -0.0014951892)
(3.2239565 0.0013255391 -0.0014200317)
(3.2086957 0.0013000947 -0.0013492146)
(3.1939173 0.0012752846 -0.0012824199)
(3.1795905 0.0012509426 -0.0012193574)
(3.1656882 0.0012269534 -0.0011597599)
(3.1521864 0.0012032402 -0.0011033859)
(3.1390634 0.0011797564 -0.0010500148)
(3.1262996 0.0011564767 -0.00099944629)
(3.1138769 0.0011333924 -0.00095149661)
(3.1017789 0.0011105054 -0.00090599711)
(3.0899906 0.0010878247 -0.00086279386)
(3.0784984 0.0010653636 -0.00082174419)
(3.0672897 0.0010431365 -0.00078271827)
(3.056353 0.0010211592 -0.00074559452)
(3.0456776 0.00099944696 -0.00071026181)
(3.0352535 0.00097801411 -0.00067661591)
(3.0250717 0.00095687299 -0.00064456)
(3.0151235 0.00093603339 -0.00061400378)
(3.0054014 0.00091550062 -0.00058486139)
(2.9958962 0.00089529325 -0.00055705631)
(2.9866065 0.00087533461 -0.00053049731)
(2.9775089 0.00085606711 -0.00050524583)
(2.9686462 0.00083491695 -0.00048022393)
(2.9598792 0.00082667199 -0.0004625392)
(2.9515363 0.00076165143 -0.00040672493)
(2.9433702 0.00099484422 -0.00055150626)
(2.9312239 0.00062964104 -0.00032582586)
(3.4785042 0.00052396427 -0.001244977)
(3.4483125 0.00037201658 -0.0022636502)
(3.4212113 0.00015390956 -0.0024737547)
(3.3921604 8.3426189e-05 -0.0024010427)
(3.3633295 5.2537208e-05 -0.0022627371)
(3.3365449 3.213083e-05 -0.0021249057)
(3.3115732 2.0931813e-05 -0.0020005221)
(3.2877712 1.6303053e-05 -0.0018883659)
(3.2649514 1.6151868e-05 -0.0017855936)
(3.2431549 1.9351294e-05 -0.0016904409)
(3.222365 2.5021356e-05 -0.0016019433)
(3.2024979 3.2376987e-05 -0.0015194117)
(3.1834754 4.0788896e-05 -0.001442249)
(3.1652443 4.979228e-05 -0.0013699422)
(3.147761 5.904915e-05 -0.0013020582)
(3.1309818 6.8308485e-05 -0.0012382229)
(3.1148645 7.7383825e-05 -0.0011781069)
(3.0993709 8.6141875e-05 -0.0011214162)
(3.084466 9.4488111e-05 -0.001067891)
(3.0701178 0.00010235989 -0.0010172981)
(3.0562964 0.00010971796 -0.00096942904)
(3.042974 0.00011654287 -0.00092409487)
(3.0301246 0.00012282805 -0.00088112381)
(3.0177245 0.00012857681 -0.00084036027)
(3.005751 0.00013379969 -0.00080166097)
(2.9941835 0.00013851161 -0.00076489619)
(2.9830024 0.0001427324 -0.00072994502)
(2.9721895 0.00014648481 -0.00069669767)
(2.9617277 0.00014979366 -0.0006650516)
(2.9516012 0.00015268412 -0.00063491219)
(2.9417948 0.00015518335 -0.00060619169)
(2.932295 0.00015730778 -0.0005788069)
(2.9230869 0.00015912642 -0.00055268602)
(2.9141641 0.00016047074 -0.00052773569)
(2.9054953 0.00016216739 -0.00050403984)
(2.8971323 0.00016093229 -0.00048049353)
(2.8888728 0.00017034807 -0.00046406874)
(2.8812713 0.00014158973 -0.00041068596)
(2.8732491 0.00028271914 -0.00055444026)
(2.8625367 7.3233552e-05 -0.0003284997)
(3.4784801 0.00015228885 -0.0012445604)
(3.4482096 0.00015676917 -0.0022662319)
(3.4210237 0.00021608246 -0.0024826335)
(3.3918111 0.00033416414 -0.0024168901)
(3.3627504 0.00043890669 -0.0022841489)
(3.335695 0.00051610578 -0.0021498168)
(3.3104269 0.00057035531 -0.0020270502)
(3.2863122 0.00060654919 -0.001915069)
(3.2631707 0.00062885759 -0.0018114607)
(3.2410482 0.00064069449 -0.0017148046)
(3.2199318 0.00064465771 -0.0016243891)
(3.1997402 0.0006427035 -0.0015397044)
(3.1803969 0.00063633342 -0.0014602786)
(3.1618501 0.00062670922 -0.001385685)
(3.144057 0.00061472798 -0.0013155488)
(3.1269747 0.0006010781 -0.0012495344)
(3.1105615 0.00058628646 -0.0011873366)
(3.0947793 0.00057075763 -0.0011286756)
(3.0795937 0.00055479831 -0.0010732986)
(3.0649728 0.00053864272 -0.0010209747)
(3.0508867 0.00052246823 -0.00097149427)
(3.0373078 0.00050641054 -0.00092466531)
(3.0242104 0.00049057054 -0.00088031154)
(3.0115706 0.00047502258 -0.00083827208)
(2.9993659 0.00045982074 -0.0007983979)
(2.9875756 0.00044500227 -0.0007605533)
(2.9761802 0.00043059367 -0.00072461146)
(2.9651615 0.00041661191 -0.0006904568)
(2.9545024 0.00040306687 -0.00065798121)
(2.944187 0.00038996226 -0.00062708479)
(2.9342 0.00037729681 -0.00059767458)
(2.9245281 0.00036506425 -0.0005696627)
(2.915156 0.00035326994 -0.00054297231)
(2.9060779 0.00034184002 -0.00051750682)
(2.8972608 0.00033104158 -0.00049334278)
(2.8887617 0.00031967957 -0.00046937267)
(2.8803611 0.00031254429 -0.00045258774)
(2.8726629 0.00029325481 -0.00039894987)
(2.8644887 0.00032652411 -0.0005398703)
(2.8536164 0.00025101657 -0.00031875183)
(3.4784801 -0.00015228876 -0.0012445604)
(3.4482096 -0.00015676895 -0.0022662319)
(3.4210237 -0.00021608251 -0.0024826335)
(3.3918111 -0.00033416448 -0.0024168901)
(3.3627504 -0.00043890731 -0.0022841489)
(3.335695 -0.0005161064 -0.0021498168)
(3.3104269 -0.00057035559 -0.0020270502)
(3.2863122 -0.00060654926 -0.001915069)
(3.2631707 -0.00062885771 -0.0018114607)
(3.2410482 -0.00064069587 -0.0017148045)
(3.2199318 -0.00064465887 -0.001624389)
(3.1997402 -0.00064270437 -0.0015397043)
(3.180397 -0.00063633425 -0.0014602784)
(3.1618501 -0.00062671126 -0.0013856848)
(3.144057 -0.0006147318 -0.0013155486)
(3.1269747 -0.00060108394 -0.0012495341)
(3.1105615 -0.00058629472 -0.0011873362)
(3.0947794 -0.00057076608 -0.0011286752)
(3.0795938 -0.00055480765 -0.0010732982)
(3.0649728 -0.00053865449 -0.0010209744)
(3.0508868 -0.00052248517 -0.00097149406)
(3.0373079 -0.0005064325 -0.00092466516)
(3.0242105 -0.00049059668 -0.00088031155)
(3.0115706 -0.00047505231 -0.00083827239)
(2.9993659 -0.00045985355 -0.00079839867)
(2.9875756 -0.00044504009 -0.00076055459)
(2.9761802 -0.00043063775 -0.00072461332)
(2.9651614 -0.00041666307 -0.00069045928)
(2.9545023 -0.00040312457 -0.00065798439)
(2.9441868 -0.00039002496 -0.00062708881)
(2.9341998 -0.00037736433 -0.00059767948)
(2.9245279 -0.0003651324 -0.00056966866)
(2.9151557 -0.00035333775 -0.00054297935)
(2.9060775 -0.00034190303 -0.00051751509)
(2.8972602 -0.00033110433 -0.00049335208)
(2.888761 -0.00031973462 -0.00046938299)
(2.8803603 -0.00031260338 -0.00045259867)
(2.872662 -0.00029329777 -0.00039896156)
(2.8644875 -0.00032646527 -0.00053988194)
(2.8536154 -0.00025135043 -0.00031875068)
(3.4785042 -0.00052396419 -0.001244977)
(3.4483125 -0.00037201636 -0.0022636502)
(3.4212113 -0.00015390956 -0.0024737546)
(3.3921604 -8.3426431e-05 -0.0024010427)
(3.3633295 -5.25377e-05 -0.002262737)
(3.3365449 -3.2131296e-05 -0.0021249056)
(3.3115732 -2.0931955e-05 -0.0020005221)
(3.2877712 -1.6302995e-05 -0.0018883658)
(3.2649514 -1.6151637e-05 -0.0017855935)
(3.2431549 -1.935188e-05 -0.0016904405)
(3.222365 -2.5021505e-05 -0.0016019428)
(3.2024979 -3.2376625e-05 -0.001519411)
(3.1834755 -4.0787975e-05 -0.0014422481)
(3.1652444 -4.9791667e-05 -0.001369941)
(3.147761 -5.9049368e-05 -0.0013020564)
(3.1309819 -6.8309885e-05 -0.0012382205)
(3.1148647 -7.7386865e-05 -0.0011781038)
(3.0993711 -8.6144436e-05 -0.0011214126)
(3.0844663 -9.4490502e-05 -0.0010678868)
(3.0701182 -0.00010236319 -0.0010172934)
(3.0562969 -0.00010972464 -0.0009694236)
(3.0429745 -0.00011655309 -0.00092408863)
(3.0301253 -0.00012284118 -0.00088111689)
(3.0177252 -0.00012859232 -0.00084035295)
(3.0057519 -0.00013381677 -0.00080165357)
(2.9941845 -0.00013853182 -0.00076488883)
(2.9830035 -0.00014275678 -0.00072993776)
(2.9721908 -0.00014651443 -0.00069669061)
(2.9617291 -0.0001498282 -0.00066504493)
(2.9516027 -0.00015272239 -0.00063490635)
(2.9417964 -0.00015522516 -0.00060618688)
(2.9322968 -0.00015734992 -0.00057880383)
(2.9230886 -0.00015916837 -0.00055268497)
(2.9141659 -0.0001605093 -0.00052773745)
(2.905497 -0.00016220678 -0.00050404422)
(2.8971339 -0.00016096718 -0.00048050106)
(2.8888743 -0.00017038901 -0.00046407809)
(2.8812725 -0.00014162316 -0.00041070203)
(2.8732499 -0.00028267868 -0.00055445358)
(2.8625375 -7.3465551e-05 -0.00032847874)
(3.4817853 -0.0012966414 -0.0012484523)
(3.4581157 -0.001823353 -0.0022796268)
(3.436975 -0.0017915346 -0.0025041743)
(3.4135086 -0.0017342617 -0.0024439059)
(3.3898958 -0.0016702224 -0.0023146307)
(3.3679464 -0.0016083455 -0.0021825086)
(3.3474484 -0.0015564328 -0.0020611543)
(3.3277854 -0.0015126805 -0.0019500492)
(3.3087885 -0.0014743278 -0.0018469284)
(3.2905131 -0.0014398988 -0.0017504576)
(3.272957 -0.0014084885 -0.0016599834)
(3.2560513 -0.0013793474 -0.0015750395)
(3.2397313 -0.0013518536 -0.0014951885)
(3.2239567 -0.0013255471 -0.0014200309)
(3.208696 -0.0013001055 -0.0013492135)
(3.1939177 -0.0012752988 -0.0012824184)
(3.1795911 -0.0012509613 -0.0012193553)
(3.1656889 -0.0012269757 -0.0011597577)
(3.1521873 -0.0012032667 -0.0011033838)
(3.1390645 -0.0011797879 -0.0010500129)
(3.126301 -0.0011565155 -0.00099944452)
(3.1138785 -0.0011334395 -0.00095149505)
(3.1017808 -0.0011105611 -0.00090599611)
(3.0899929 -0.0010878893 -0.00086279394)
(3.078501 -0.0010654364 -0.000821746)
(3.0672927 -0.0010432186 -0.00078272214)
(3.0563564 -0.0010212507 -0.00074560061)
(3.0456813 -0.00099954873 -0.0007102703)
(3.0352577 -0.00097812535 -0.00067662703)
(3.0250763 -0.00095699182 -0.00064457428)
(3.0151284 -0.00093615757 -0.00061402132)
(3.0054066 -0.00091562552 -0.00058488287)
(2.9959017 -0.0008954153 -0.00055708175)
(2.9866121 -0.00087544838 -0.00053052731)
(2.9775147 -0.00085617168 -0.00050527957)
(2.968652 -0.00083500756 -0.00048026152)
(2.9598849 -0.00082676022 -0.00046257788)
(2.9515419 -0.00076171941 -0.00040676931)
(2.9433754 -0.0009949301 -0.00055156437)
(2.9312298 -0.00062980298 -0.00032582873)
(3.4707855 -0.00092457359 -0.001243858)
(3.425088 -0.0015991765 -0.0022623275)
(3.3822965 -0.0018319211 -0.002477329)
(3.3375462 -0.0019490077 -0.0024108501)
(3.2931818 -0.0020056411 -0.0022776613)
(3.2511191 -0.002026232 -0.0021430348)
(3.2111479 -0.0020247815 -0.0020200144)
(3.172628 -0.0020070671 -0.0019077169)
(3.1353827 -0.0019766355 -0.0018036538)
(3.099468 -0.0019366382 -0.0017063772)
(3.0648774 -0.0018897273 -0.001615182)
(3.0315316 -0.001837948 -0.0015295732)
(2.9993549 -0.0017828478 -0.001449096)
(2.9682967 -0.001725623 -0.0013733437)
(2.9383145 -0.0016672093 -0.0013019653)
(2.9093648 -0.0016083314 -0.0012346495)
(2.8814044 -0.0015495452 -0.0011711146)
(2.8543928 -0.0014912745 -0.001111103)
(2.8282925 -0.0014338437 -0.0010543817)
(2.8030681 -0.0013774981 -0.001000738)
(2.7786855 -0.0013224222 -0.00094997814)
(2.7551125 -0.0012687513 -0.00090192415)
(2.7323182 -0.0012165819 -0.00085641189)
(2.7102731 -0.0011659807 -0.00081329069)
(2.6889489 -0.0011169889 -0.00077242006)
(2.6683188 -0.0010696287 -0.00073367098)
(2.6483569 -0.001023905 -0.00069692221)
(2.6290385 -0.00097981041 -0.00066206269)
(2.6103398 -0.00093732534 -0.0006289881)
(2.5922383 -0.00089642145 -0.00059760173)
(2.5747119 -0.00085706137 -0.00056781307)
(2.5577404 -0.00081920669 -0.00053953651)
(2.5413018 -0.00078279377 -0.00051269871)
(2.525384 -0.0007478231 -0.00048720319)
(2.5099462 -0.00071416235 -0.00046311229)
(2.495041 -0.00068119606 -0.00043957656)
(2.4804489 -0.00065608797 -0.00042138314)
(2.4666327 -0.00059447866 -0.00038027539)
(2.4532125 -0.00074987893 -0.00045645835)
(2.4335275 -0.00047718178 -0.00031801486)
)
;

boundaryField
{
    inlet
    {
        type            fixedValue;
        value           uniform (3.5009495 0 0);
    }
    outlet
    {
        type            zeroGradient;
    }
    walls
    {
        type            noSlip;
    }
}


// ************************************************************************* //
