/*--------------------------------*- C++ -*----------------------------------*\
  =========                 |
  \\      /  F ield         | OpenFOAM: The Open Source CFD Toolbox
   \\    /   O peration     | Website:  https://openfoam.org
    \\  /    A nd           | Version:  14
     \\/     M anipulation  |
\*---------------------------------------------------------------------------*/
FoamFile
{
    format      ascii;
    class       volScalarField;
    location    "50";
    object      p;
}
// * * * * * * * * * * * * * * * * * * * * * * * * * * * * * * * * * * * * * //

dimensions      [0 2 -2 0 0 0 0];

internalField   nonuniform List<scalar> 
1280
(
3.1701456
3.0735245
2.9734607
2.8948249
2.821295
2.742443
2.6601676
2.5778512
2.4959586
2.4138371
2.3313146
2.2486137
2.1659137
2.0832692
2.0007066
1.9182707
1.8360108
1.7539665
1.6721685
1.5906433
1.5094147
1.4285032
1.3479263
1.267699
1.1878339
1.1083421
1.0292321
0.95051186
0.87218686
0.79426222
0.71674034
0.6396244
0.56291328
0.48661306
0.41070695
0.33524414
0.26006862
0.18562234
0.11065568
0.035960179
3.168456
3.0731963
2.973315
2.8946986
2.8212103
2.7423857
2.6601282
2.5778265
2.4959458
2.4138333
2.3313175
2.2486216
2.1659253
2.0832835
2.000723
1.9182885
1.8360295
1.7539858
1.6721882
1.5906632
1.5094345
1.4285229
1.3479457
1.2677182
1.1878528
1.1083606
1.0292503
0.95052963
0.87220423
0.7942792
0.71675692
0.63964059
0.5629291
0.48662847
0.41072215
0.33525826
0.26008417
0.1856281
0.1105747
0.036124713
3.1678952
3.0736339
2.9736216
2.8948685
2.8213402
2.7424829
2.6601967
2.5778738
2.4959774
2.413853
2.3313283
2.2486258
2.1659246
2.0832793
2.0007163
1.91828
1.8360199
1.7539755
1.6721775
1.5906523
1.5094236
1.4285122
1.3479353
1.2677081
1.187843
1.1083512
1.0292413
0.95052102
0.87219602
0.79427135
0.71674946
0.63963347
0.56292233
0.48662201
0.41071599
0.33525247
0.26007753
0.18562097
0.11050979
0.036234548
3.1676468
3.0736919
2.973525
2.8947265
2.8212332
2.7424059
2.6601401
2.5778329
2.4959484
2.413833
2.331315
2.2486176
2.1659204
2.0832781
2.0007172
1.9182826
1.8360237
1.7539802
1.6721828
1.5906581
1.5094297
1.4285184
1.3479417
1.2677145
1.1878494
1.1083575
1.0292476
0.95052718
0.87220209
0.79427729
0.71675529
0.63963916
0.56292791
0.48662743
0.41072131
0.33525769
0.26008187
0.18562573
0.11048874
0.036288037
3.1676468
3.0736919
2.973525
2.8947265
2.8212332
2.7424059
2.6601401
2.5778329
2.4959484
2.413833
2.331315
2.2486176
2.1659204
2.083278
2.0007172
1.9182826
1.8360238
1.7539802
1.6721828
1.5906581
1.5094297
1.4285184
1.3479417
1.2677145
1.1878494
1.1083575
1.0292475
0.95052717
0.87220209
0.79427728
0.7167553
0.63963915
0.56292791
0.48662741
0.41072132
0.33525767
0.2600819
0.18562562
0.11048885
0.036288378
3.1678952
3.0736339
2.9736216
2.8948685
2.8213402
2.7424829
2.6601967
2.5778738
2.4959774
2.413853
2.3313283
2.2486258
2.1659247
2.0832793
2.0007163
1.91828
1.8360199
1.7539755
1.6721775
1.5906523
1.5094236
1.4285122
1.3479353
1.2677081
1.187843
1.1083512
1.0292413
0.95052101
0.87219604
0.79427133
0.71674949
0.63963345
0.56292236
0.48662195
0.41071603
0.33525242
0.26007764
0.18562065
0.11051005
0.036235677
3.168456
3.0731963
2.973315
2.8946985
2.8212103
2.7423857
2.6601282
2.5778265
2.4959457
2.4138333
2.3313175
2.2486216
2.1659253
2.0832835
2.000723
1.9182885
1.8360296
1.7539859
1.6721882
1.5906631
1.5094344
1.4285228
1.3479458
1.2677182
1.1878528
1.1083606
1.0292503
0.9505296
0.87220426
0.79427916
0.71675696
0.63964054
0.56292914
0.48662838
0.41072221
0.33525819
0.26008434
0.18562761
0.11057508
0.036126272
3.1701456
3.0735245
2.9734607
2.8948249
2.821295
2.742443
2.6601676
2.5778512
2.4959586
2.4138371
2.3313146
2.2486137
2.1659137
2.0832692
2.0007066
1.9182707
1.8360108
1.7539665
1.6721685
1.5906433
1.5094146
1.4285031
1.3479263
1.267699
1.1878339
1.108342
1.0292321
0.95051185
0.8721869
0.79426218
0.71674038
0.63962434
0.56291331
0.48661293
0.41070701
0.33524405
0.26006883
0.18562187
0.11065642
0.035961415
3.1689901
3.0732521
2.973452
2.8948662
2.8213356
2.7424758
2.6601945
2.5778744
2.4959794
2.413856
2.3313318
2.2486293
2.165928
2.0832822
2.0007186
1.9182817
1.8360209
1.7539759
1.6721772
1.5906514
1.5094221
1.4285101
1.3479327
1.267705
1.1878395
1.1083473
1.029237
0.95051642
0.87219112
0.79426622
0.71674408
0.63962791
0.56291658
0.48661614
0.41070988
0.33524676
0.2600717
0.18562395
0.11062932
0.036003284
3.1672983
3.0729261
2.9733141
2.8947502
2.8212621
2.7424298
2.6601661
2.5778604
2.4959769
2.4138622
2.3313443
2.2486465
2.1659486
2.0833052
2.0007432
1.9183074
1.8360473
1.7540026
1.6722039
1.590678
1.5094485
1.4285361
1.3479583
1.2677301
1.1878641
1.1083713
1.0292605
0.95053933
0.87221349
0.79428803
0.71676538
0.63964868
0.56293686
0.48663591
0.41072935
0.33526492
0.26009197
0.18563196
0.11052538
0.036212713
3.1667404
3.0733683
2.973625
2.8949229
2.8213931
2.7425269
2.6602337
2.5779063
2.4960067
2.4138799
2.3313529
2.2486484
2.1659456
2.0832988
2.0007343
1.9182969
1.8360356
1.7539902
1.6721913
1.5906653
1.5094358
1.4285237
1.3479462
1.2677184
1.1878528
1.1083604
1.0292501
0.95052936
0.87220396
0.79427893
0.71675669
0.63964038
0.56292894
0.48662834
0.41072211
0.3352581
0.26008425
0.18562363
0.11046135
0.036321179
3.1664922
3.0734245
2.9735252
2.8947778
2.8212839
2.7424486
2.6601765
2.5778653
2.495978
2.4138603
2.3313403
2.248641
2.1659422
2.0832982
2.000736
1.9183002
1.8360402
1.7539956
1.6721973
1.5906716
1.5094425
1.4285305
1.3479531
1.2677252
1.1878596
1.1083672
1.0292567
0.95053591
0.87221039
0.79428521
0.71676285
0.63964638
0.56293482
0.48663405
0.41072771
0.33526359
0.26008882
0.18562884
0.11044135
0.036372846
3.1664922
3.0734245
2.9735252
2.8947778
2.8212839
2.7424486
2.6601765
2.5778653
2.495978
2.4138603
2.3313403
2.248641
2.1659422
2.0832982
2.000736
1.9183002
1.8360402
1.7539956
1.6721973
1.5906716
1.5094425
1.4285305
1.3479531
1.2677252
1.1878596
1.1083672
1.0292567
0.9505359
0.8722104
0.7942852
0.71676286
0.63964637
0.56293482
0.48663402
0.41072772
0.33526357
0.26008885
0.18562873
0.11044145
0.036373211
3.1667404
3.0733683
2.973625
2.8949229
2.8213931
2.7425269
2.6602337
2.5779063
2.4960067
2.4138799
2.3313529
2.2486485
2.1659456
2.0832987
2.0007343
1.9182969
1.8360357
1.7539903
1.6721913
1.5906652
1.5094358
1.4285237
1.3479462
1.2677184
1.1878528
1.1083604
1.0292501
0.95052935
0.87220399
0.79427891
0.71675673
0.63964036
0.56292897
0.48662828
0.41072215
0.33525805
0.26008436
0.1856233
0.11046159
0.03632234
3.1672983
3.0729261
2.9733141
2.8947502
2.8212621
2.7424298
2.6601661
2.5778604
2.4959769
2.4138622
2.3313443
2.2486465
2.1659486
2.0833052
2.0007432
1.9183074
1.8360474
1.7540026
1.6722039
1.5906779
1.5094484
1.4285361
1.3479583
1.2677301
1.1878641
1.1083713
1.0292605
0.95053931
0.87221352
0.794288
0.71676542
0.63964864
0.5629369
0.48663582
0.41072941
0.33526485
0.26009213
0.18563147
0.11052574
0.036214237
3.1689901
3.0732521
2.973452
2.8948662
2.8213356
2.7424759
2.6601945
2.5778744
2.4959794
2.413856
2.3313318
2.2486293
2.165928
2.0832822
2.0007186
1.9182817
1.836021
1.7539759
1.6721772
1.5906513
1.509422
1.42851
1.3479327
1.267705
1.1878395
1.1083472
1.029237
0.95051641
0.87219117
0.79426618
0.71674413
0.63962785
0.56291661
0.48661602
0.41070994
0.33524667
0.26007191
0.18562348
0.11063005
0.036004513
3.1689901
3.0732521
2.973452
2.8948662
2.8213356
2.7424758
2.6601945
2.5778744
2.4959794
2.413856
2.3313318
2.2486293
2.165928
2.0832822
2.0007186
1.9182817
1.8360209
1.7539759
1.6721772
1.5906514
1.5094221
1.4285101
1.3479327
1.267705
1.1878395
1.1083473
1.029237
0.95051642
0.87219112
0.79426621
0.71674408
0.6396279
0.56291657
0.48661612
0.41070987
0.33524675
0.26007171
0.18562394
0.11062932
0.036003231
3.1672983
3.0729261
2.9733141
2.8947502
2.8212621
2.7424298
2.6601661
2.5778604
2.4959769
2.4138622
2.3313443
2.2486465
2.1659486
2.0833052
2.0007432
1.9183074
1.8360473
1.7540026
1.6722039
1.590678
1.5094485
1.4285361
1.3479583
1.2677301
1.187864
1.1083713
1.0292605
0.95053933
0.87221349
0.79428802
0.71676537
0.63964867
0.56293684
0.48663588
0.41072934
0.33526491
0.26009196
0.1856319
0.11052532
0.03621291
3.1667404
3.0733683
2.973625
2.8949229
2.8213931
2.7425269
2.6602337
2.5779063
2.4960067
2.4138799
2.3313529
2.2486484
2.1659456
2.0832988
2.0007343
1.9182969
1.8360356
1.7539902
1.6721913
1.5906653
1.5094358
1.4285237
1.3479462
1.2677184
1.1878528
1.1083604
1.0292501
0.95052936
0.87220396
0.79427892
0.71675669
0.63964037
0.56292893
0.48662832
0.4107221
0.33525809
0.26008424
0.18562356
0.11046138
0.036321454
3.1664922
3.0734245
2.9735252
2.8947778
2.8212839
2.7424486
2.6601765
2.5778653
2.495978
2.4138603
2.3313403
2.248641
2.1659422
2.0832982
2.000736
1.9183002
1.8360402
1.7539956
1.6721973
1.5906716
1.5094425
1.4285305
1.3479531
1.2677252
1.1878596
1.1083672
1.0292567
0.95053591
0.87221039
0.7942852
0.71676285
0.63964637
0.56293481
0.48663403
0.4107277
0.33526358
0.2600888
0.18562876
0.1104414
0.036373184
3.1664922
3.0734245
2.9735252
2.8947778
2.8212839
2.7424486
2.6601765
2.5778653
2.495978
2.4138603
2.3313403
2.248641
2.1659422
2.0832982
2.000736
1.9183002
1.8360402
1.7539956
1.6721973
1.5906716
1.5094425
1.4285305
1.3479531
1.2677252
1.1878596
1.1083672
1.0292567
0.9505359
0.8722104
0.79428519
0.71676285
0.63964635
0.56293481
0.486634
0.41072771
0.33526355
0.26008883
0.18562864
0.11044147
0.036373586
3.1667404
3.0733683
2.973625
2.8949229
2.8213931
2.7425269
2.6602337
2.5779063
2.4960067
2.4138799
2.3313529
2.2486485
2.1659456
2.0832988
2.0007343
1.9182969
1.8360357
1.7539903
1.6721913
1.5906652
1.5094358
1.4285237
1.3479462
1.2677184
1.1878528
1.1083604
1.0292501
0.95052935
0.87220399
0.7942789
0.71675672
0.63964034
0.56292896
0.48662827
0.41072214
0.33525804
0.26008434
0.18562324
0.11046163
0.036322573
3.1672983
3.0729261
2.9733141
2.8947502
2.8212621
2.7424298
2.6601661
2.5778604
2.4959769
2.4138622
2.3313443
2.2486465
2.1659486
2.0833052
2.0007432
1.9183074
1.8360474
1.7540026
1.6722039
1.5906779
1.5094484
1.428536
1.3479583
1.2677301
1.1878641
1.1083713
1.0292605
0.95053931
0.87221352
0.79428799
0.71676541
0.63964862
0.56293688
0.4866358
0.4107294
0.33526483
0.26009212
0.18563142
0.11052563
0.036214462
3.1689901
3.0732521
2.973452
2.8948662
2.8213356
2.7424759
2.6601945
2.5778744
2.4959794
2.413856
2.3313318
2.2486293
2.165928
2.0832822
2.0007186
1.9182817
1.836021
1.7539759
1.6721772
1.5906513
1.509422
1.42851
1.3479327
1.267705
1.1878395
1.1083472
1.029237
0.95051641
0.87219117
0.79426618
0.71674413
0.63962784
0.5629166
0.486616
0.41070992
0.33524666
0.26007191
0.18562347
0.11062997
0.03600458
3.1701456
3.0735245
2.9734607
2.8948249
2.821295
2.742443
2.6601676
2.5778512
2.4959586
2.4138371
2.3313146
2.2486137
2.1659137
2.0832692
2.0007066
1.9182707
1.8360108
1.7539665
1.6721685
1.5906433
1.5094146
1.4285032
1.3479263
1.267699
1.1878339
1.1083421
1.0292321
0.95051184
0.87218684
0.79426218
0.7167403
0.63962434
0.56291323
0.48661297
0.4107069
0.33524408
0.26006862
0.18562228
0.11065562
0.035960157
3.168456
3.0731963
2.973315
2.8946986
2.8212103
2.7423857
2.6601282
2.5778265
2.4959458
2.4138333
2.3313175
2.2486216
2.1659253
2.0832835
2.000723
1.9182885
1.8360295
1.7539858
1.6721882
1.5906632
1.5094345
1.4285228
1.3479457
1.2677182
1.1878528
1.1083606
1.0292503
0.95052959
0.8722042
0.79427914
0.71675687
0.63964051
0.56292902
0.48662836
0.41072207
0.33525816
0.26008411
0.18562791
0.11057454
0.036125146
3.1678952
3.0736339
2.9736216
2.8948685
2.8213402
2.7424829
2.6601967
2.5778738
2.4959774
2.413853
2.3313283
2.2486258
2.1659247
2.0832793
2.0007163
1.91828
1.8360199
1.7539755
1.6721775
1.5906523
1.5094236
1.4285122
1.3479353
1.2677081
1.187843
1.1083512
1.0292413
0.95052098
0.87219599
0.7942713
0.71674941
0.6396334
0.56292226
0.48662191
0.41071592
0.33525239
0.26007747
0.18562072
0.11050981
0.036235288
3.1676468
3.0736919
2.973525
2.8947265
2.8212332
2.7424059
2.6601401
2.5778329
2.4959484
2.413833
2.331315
2.2486176
2.1659204
2.0832781
2.0007172
1.9182826
1.8360238
1.7539802
1.6721828
1.5906581
1.5094297
1.4285184
1.3479417
1.2677145
1.1878494
1.1083575
1.0292475
0.95052715
0.87220205
0.79427724
0.71675524
0.63963908
0.56292783
0.48662733
0.41072124
0.3352576
0.26008178
0.18562544
0.11048879
0.036288953
3.1676468
3.0736919
2.973525
2.8947265
2.8212332
2.7424059
2.6601401
2.5778329
2.4959484
2.413833
2.331315
2.2486176
2.1659204
2.0832781
2.0007172
1.9182826
1.8360238
1.7539802
1.6721828
1.590658
1.5094297
1.4285184
1.3479417
1.2677145
1.1878494
1.1083575
1.0292475
0.95052714
0.87220206
0.79427723
0.71675525
0.63963907
0.56292784
0.48662731
0.41072124
0.33525758
0.26008181
0.18562533
0.11048885
0.036289345
3.1678952
3.0736339
2.9736216
2.8948685
2.8213402
2.7424829
2.6601967
2.5778738
2.4959774
2.413853
2.3313283
2.2486258
2.1659247
2.0832793
2.0007163
1.91828
1.8360199
1.7539755
1.6721775
1.5906522
1.5094236
1.4285121
1.3479353
1.2677081
1.187843
1.1083512
1.0292413
0.95052098
0.87219601
0.79427129
0.71674945
0.63963338
0.56292229
0.48662186
0.41071596
0.33525234
0.26007757
0.18562041
0.11051001
0.036236402
3.168456
3.0731963
2.973315
2.8946985
2.8212103
2.7423857
2.6601282
2.5778265
2.4959457
2.4138333
2.3313175
2.2486216
2.1659254
2.0832835
2.000723
1.9182885
1.8360296
1.7539859
1.6721882
1.5906631
1.5094344
1.4285228
1.3479457
1.2677182
1.1878528
1.1083605
1.0292503
0.95052957
0.87220423
0.79427911
0.71675691
0.63964047
0.56292905
0.48662827
0.41072212
0.33525809
0.26008426
0.18562745
0.11057482
0.036126646
3.1701456
3.0735245
2.9734607
2.8948249
2.821295
2.742443
2.6601676
2.5778512
2.4959586
2.4138371
2.3313146
2.2486137
2.1659137
2.0832692
2.0007066
1.9182707
1.8360108
1.7539665
1.6721685
1.5906433
1.5094146
1.4285031
1.3479263
1.267699
1.1878339
1.108342
1.0292321
0.95051183
0.87218689
0.79426216
0.71674035
0.63962429
0.56291326
0.48661287
0.41070696
0.335244
0.26006881
0.18562182
0.11065624
0.035961514
)
;

boundaryField
{
    inlet
    {
        type            zeroGradient;
    }
    outlet
    {
        type            fixedValue;
        value           uniform 0;
    }
    walls
    {
        type            zeroGradient;
    }
}


// ************************************************************************* //
