/*--------------------------------*- C++ -*----------------------------------*\
  =========                 |
  \\      /  F ield         | OpenFOAM: The Open Source CFD Toolbox
   \\    /   O peration     | Website:  https://openfoam.org
    \\  /    A nd           | Version:  14
     \\/     M anipulation  |
\*---------------------------------------------------------------------------*/
FoamFile
{
    format      ascii;
    class       surfaceScalarField;
    location    "50";
    object      phi;
}
// * * * * * * * * * * * * * * * * * * * * * * * * * * * * * * * * * * * * * //

dimensions      [0 3 -1 0 0 0 0];

internalField   nonuniform List<scalar> 
3328
(
7.7043844e-07
2.918771e-09
7.8928063e-09
7.5982567e-07
2.9972751e-09
7.6154988e-09
7.4959641e-07
2.9138964e-09
7.3153685e-09
7.3971639e-07
2.8766914e-09
7.0033411e-09
7.3021409e-07
2.8138643e-09
6.688443e-09
7.2107912e-07
2.7426754e-09
6.3922966e-09
7.1228739e-07
2.6732312e-09
6.1184922e-09
7.0382035e-07
2.6043095e-09
5.8627108e-09
6.9566311e-07
2.535208e-09
5.6220137e-09
6.8780121e-07
2.4664211e-09
5.3954494e-09
6.802206e-07
2.3983614e-09
5.1822019e-09
6.7290831e-07
2.3311408e-09
4.9810988e-09
6.6585248e-07
2.2647888e-09
4.7909911e-09
6.590421e-07
2.1993672e-09
4.6109489e-09
6.524669e-07
2.134964e-09
4.4402138e-09
6.4611714e-07
2.0716423e-09
4.2780864e-09
6.3998374e-07
2.0094618e-09
4.1239441e-09
6.3405805e-07
1.9484696e-09
3.9772196e-09
6.2833194e-07
1.8887193e-09
3.8374194e-09
6.2279764e-07
1.8302443e-09
3.7040914e-09
6.1744777e-07
1.7730655e-09
3.5768229e-09
6.1227536e-07
1.7171983e-09
3.4552487e-09
6.0727366e-07
1.6626393e-09
3.3390156e-09
6.0243637e-07
1.6094016e-09
3.227836e-09
5.9775733e-07
1.5574639e-09
3.1214082e-09
5.9323083e-07
1.5068279e-09
3.0194974e-09
5.8885126e-07
1.4574475e-09
2.921839e-09
5.8461343e-07
1.4093051e-09
2.828232e-09
5.8051226e-07
1.3623505e-09
2.7384628e-09
5.76543e-07
1.3165546e-09
2.6523578e-09
5.7270106e-07
1.2718688e-09
2.5697452e-09
5.6898206e-07
1.2282494e-09
2.490462e-09
5.6538185e-07
1.1856489e-09
2.4143751e-09
5.618964e-07
1.1440372e-09
2.3412953e-09
5.5852173e-07
1.1033564e-09
2.271267e-09
5.5525609e-07
1.062755e-09
2.2029173e-09
5.5207899e-07
1.0324631e-09
2.1444461e-09
5.4909187e-07
9.5064847e-10
2.0365889e-09
5.4546123e-07
1.2947236e-09
2.3350849e-09
6.2441371e-10
1.6745378e-09
7.7532092e-07
9.4539894e-10
7.9024671e-09
7.696189e-07
1.0604075e-09
7.6388905e-09
7.6417732e-07
1.0106837e-09
7.3448048e-09
7.5898556e-07
1.0319264e-09
7.0365339e-09
7.5404006e-07
1.0357108e-09
6.7236535e-09
7.4932109e-07
1.0334701e-09
6.4281794e-09
7.4480709e-07
1.0329838e-09
6.154244e-09
7.4048073e-07
1.0324954e-09
5.8981579e-09
7.3632747e-07
1.0310575e-09
5.6573865e-09
7.3233408e-07
1.0286723e-09
5.4311178e-09
7.2848844e-07
1.0253864e-09
5.2185752e-09
7.2477975e-07
1.0211741e-09
5.0186127e-09
7.2119839e-07
1.0160099e-09
4.8300848e-09
7.1773578e-07
1.0098954e-09
4.6520352e-09
7.1438419e-07
1.002872e-09
4.483657e-09
7.1113664e-07
9.9497072e-10
4.3242001e-09
7.0798687e-07
9.862501e-10
4.1729869e-09
7.0492919e-07
9.7675973e-10
4.0293993e-09
7.0195847e-07
9.6657607e-10
3.8928921e-09
6.9907005e-07
9.5575441e-10
3.7629661e-09
6.9625964e-07
9.4434869e-10
3.6391658e-09
6.9352339e-07
9.3241955e-10
3.5210836e-09
6.9085768e-07
9.2000525e-10
3.4083319e-09
6.8825931e-07
9.0718829e-10
3.3005834e-09
6.8572518e-07
8.9399342e-10
3.1975082e-09
6.8325257e-07
8.8050711e-10
3.098835e-09
6.8083884e-07
8.6673132e-10
3.004273e-09
6.7848164e-07
8.52739e-10
2.9135883e-09
6.761787e-07
8.3853629e-10
2.8265373e-09
6.7392794e-07
8.2418118e-10
2.7429168e-09
6.7172744e-07
8.0969144e-10
2.6625161e-09
6.6957532e-07
7.9508622e-10
2.5851465e-09
6.6746986e-07
7.8044261e-10
2.5106212e-09
6.6540961e-07
7.6554775e-10
2.4387527e-09
6.6339215e-07
7.514705e-10
2.3694416e-09
6.6142035e-07
7.3329469e-10
2.301416e-09
6.5947421e-07
7.3398945e-10
2.2445932e-09
6.5764999e-07
6.6147213e-10
2.1137425e-09
6.5536691e-07
9.2446829e-10
2.6528283e-09
4.9953419e-10
1.5739554e-09
7.7383999e-07
4.6171004e-10
7.8937125e-09
7.6678029e-07
5.3466399e-10
7.5854517e-09
7.6003665e-07
5.0476384e-10
7.2495631e-09
7.5363741e-07
5.1955297e-10
6.9116214e-09
7.475723e-07
5.2207928e-10
6.5787519e-09
7.4181502e-07
5.1984014e-10
6.2709097e-09
7.3633963e-07
5.1810379e-10
5.9902576e-09
7.3112476e-07
5.15929e-10
5.7314339e-09
7.2615217e-07
5.129441e-10
5.4906842e-09
7.2140515e-07
5.0932551e-10
5.2663348e-09
7.1686828e-07
5.0522009e-10
5.0569941e-09
7.1252764e-07
5.0069733e-10
4.8610745e-09
7.0837069e-07
4.9580135e-10
4.6771179e-09
7.0438603e-07
4.9056294e-10
4.5039508e-09
7.0056323e-07
4.8502916e-10
4.3406172e-09
6.9689271e-07
4.792141e-10
4.1862656e-09
6.9336567e-07
4.7315786e-10
4.0401495e-09
6.8997397e-07
4.6687845e-10
3.9016047e-09
6.8671011e-07
4.6042381e-10
3.7700558e-09
6.8356715e-07
4.5381063e-10
3.6449849e-09
6.8053859e-07
4.4705443e-10
3.5259262e-09
6.7761845e-07
4.4017995e-10
3.412467e-09
6.748011e-07
4.3318303e-10
3.3042192e-09
6.7208136e-07
4.2612037e-10
3.2008563e-09
6.6945431e-07
4.1897295e-10
3.1020519e-09
6.6691547e-07
4.1180952e-10
3.0075385e-09
6.6446051e-07
4.0458811e-10
2.9170318e-09
6.6208552e-07
3.9736832e-10
2.8303048e-09
6.5978674e-07
3.9012093e-10
2.7471219e-09
6.5756069e-07
3.8289243e-10
2.6672893e-09
6.5540412e-07
3.7567532e-10
2.5906057e-09
6.533139e-07
3.6847367e-10
2.5168933e-09
6.512872e-07
3.6134393e-10
2.4459794e-09
6.4932123e-07
3.5410107e-10
2.3776742e-09
6.4741358e-07
3.4751713e-10
2.3119558e-09
6.455616e-07
3.3834954e-10
2.2473622e-09
6.4376167e-07
3.401755e-10
2.1940408e-09
6.420506e-07
3.0372648e-10
2.0695704e-09
6.3994577e-07
4.2483746e-10
2.6054573e-09
2.3681184e-10
1.5232922e-09
7.7381795e-07
6.4458927e-16
7.8937677e-09
7.6675439e-07
1.8729268e-15
7.5982362e-09
7.5997632e-07
1.295453e-15
7.2828374e-09
7.5353278e-07
1.2627558e-15
6.9631031e-09
7.4741282e-07
7.9277051e-16
6.6420369e-09
7.4159237e-07
-1.1134751e-15
6.3402904e-09
7.3604896e-07
-4.2470165e-15
6.0615118e-09
7.3076329e-07
-3.4055605e-15
5.8016018e-09
7.2571843e-07
-3.7619288e-15
5.5577864e-09
7.2089862e-07
-6.5014083e-15
5.329114e-09
7.1628911e-07
-1.1009223e-14
5.1147033e-09
7.1187646e-07
-1.6652633e-14
4.9133219e-09
7.0764849e-07
-1.7936197e-14
4.7237563e-09
7.0359402e-07
-2.0870809e-14
4.5449997e-09
6.9970284e-07
-1.3237783e-14
4.3762064e-09
6.9596546e-07
-1.6443437e-14
4.2165963e-09
6.9237319e-07
-1.8568588e-14
4.065465e-09
6.8891797e-07
-3.0982879e-14
3.9221709e-09
6.8559233e-07
-2.9261556e-14
3.7861469e-09
6.8238938e-07
-2.2189463e-14
3.6568749e-09
6.7930265e-07
-1.6896848e-14
3.5338838e-09
6.7632619e-07
-8.938084e-15
3.4167513e-09
6.7345439e-07
-2.5173299e-14
3.3050782e-09
6.7068209e-07
-2.3090598e-14
3.198523e-09
6.6800438e-07
-4.4206095e-14
3.0967458e-09
6.6541679e-07
-2.8871043e-14
2.9994628e-09
6.6291502e-07
-4.0677873e-14
2.9063771e-09
6.6049517e-07
-2.628308e-14
2.8172462e-09
6.5815349e-07
-3.1584269e-14
2.7318224e-09
6.5588652e-07
-1.4764492e-14
2.6498972e-09
6.5369102e-07
2.7921829e-15
2.5712582e-09
6.515639e-07
2.7361625e-14
2.4957145e-09
6.4950236e-07
6.5950964e-14
2.4230822e-09
6.4750354e-07
1.0806503e-13
2.3531623e-09
6.4556544e-07
1.4453446e-13
2.285913e-09
6.4368424e-07
1.9397327e-13
2.2198891e-09
6.4185937e-07
1.6040883e-13
2.1652956e-09
6.4012469e-07
2.6789535e-13
2.039045e-09
6.3798419e-07
5.5858897e-13
2.5662387e-09
-7.0603712e-13
1.5031164e-09
7.7381795e-07
-4.6170879e-10
7.8937677e-09
7.6675439e-07
-5.3466041e-10
7.5982362e-09
7.5997632e-07
-5.0476137e-10
7.2828375e-09
7.5353278e-07
-5.1955051e-10
6.9631032e-09
7.4741282e-07
-5.2207793e-10
6.642037e-09
7.4159237e-07
-5.1984204e-10
6.3402909e-09
7.3604896e-07
-5.1811173e-10
6.0615128e-09
7.3076329e-07
-5.1593603e-10
5.8016027e-09
7.2571843e-07
-5.1295187e-10
5.5577873e-09
7.2089861e-07
-5.0933812e-10
5.3291153e-09
7.162891e-07
-5.0524137e-10
5.1147055e-09
7.1187645e-07
-5.0072986e-10
4.9133248e-09
7.0764847e-07
-4.9583654e-10
4.7237597e-09
7.0359401e-07
-4.906037e-10
4.5450032e-09
6.9970282e-07
-4.8505542e-10
4.3762099e-09
6.9596544e-07
-4.792466e-10
4.2166004e-09
6.9237317e-07
-4.7319416e-10
4.0654704e-09
6.8891793e-07
-4.6693825e-10
3.9221778e-09
6.8559229e-07
-4.6048071e-10
3.7861546e-09
6.8238933e-07
-4.5385504e-10
3.6568824e-09
6.7930259e-07
-4.4708992e-10
3.5338908e-09
6.7632613e-07
-4.4020139e-10
3.4167576e-09
6.7345432e-07
-4.3323628e-10
3.3050847e-09
6.7068202e-07
-4.2617076e-10
3.1985293e-09
6.680043e-07
-4.1906498e-10
3.096752e-09
6.6541671e-07
-4.1187448e-10
2.9994675e-09
6.6291494e-07
-4.0467725e-10
2.9063805e-09
6.6049509e-07
-3.9743201e-10
2.8172476e-09
6.5815342e-07
-3.9019555e-10
2.7318225e-09
6.5588645e-07
-3.829366e-10
2.6498952e-09
6.5369096e-07
-3.7568595e-10
2.571255e-09
6.5156385e-07
-3.6843845e-10
2.4957095e-09
6.4950232e-07
-3.6123444e-10
2.423076e-09
6.4750351e-07
-3.5391264e-10
2.3531543e-09
6.4556543e-07
-3.472589e-10
2.2859048e-09
6.4368424e-07
-3.37998e-10
2.2198828e-09
6.418594e-07
-3.3990263e-10
2.1652885e-09
6.4012469e-07
-3.0321295e-10
2.0390522e-09
6.3798417e-07
-4.2369048e-10
2.5663519e-09
-2.3835148e-10
1.5030533e-09
7.7383999e-07
-9.453978e-10
7.8937125e-09
7.6678029e-07
-1.0604042e-09
7.5854518e-09
7.6003665e-07
-1.0106814e-09
7.2495632e-09
7.5363741e-07
-1.031924e-09
6.9116215e-09
7.475723e-07
-1.03571e-09
6.578752e-09
7.4181502e-07
-1.0334713e-09
6.2709104e-09
7.3633963e-07
-1.0329905e-09
5.9902594e-09
7.3112476e-07
-1.0325029e-09
5.7314355e-09
7.2615216e-07
-1.0310664e-09
5.4906854e-09
7.2140514e-07
-1.0286851e-09
5.2663369e-09
7.1686828e-07
-1.0254072e-09
5.056998e-09
7.1252763e-07
-1.0212063e-09
4.8610806e-09
7.0837068e-07
-1.0160454e-09
4.6771255e-09
7.0438601e-07
-1.0099366e-09
4.5039591e-09
7.0056321e-07
-1.0029018e-09
4.3406254e-09
6.9689267e-07
-9.9500732e-10
4.1862753e-09
6.9336563e-07
-9.8629061e-10
4.0401627e-09
6.8997392e-07
-9.7682166e-10
3.9016221e-09
6.8671006e-07
-9.6663858e-10
3.7700756e-09
6.8356708e-07
-9.5581068e-10
3.6450043e-09
6.8053852e-07
-9.4440298e-10
3.5259442e-09
6.7761838e-07
-9.3246729e-10
3.412483e-09
6.7480102e-07
-9.2008651e-10
3.304236e-09
6.7208129e-07
-9.0727403e-10
3.2008726e-09
6.6945424e-07
-8.9412316e-10
3.102068e-09
6.6691541e-07
-8.8062361e-10
3.0075498e-09
6.6446047e-07
-8.6687677e-10
2.917039e-09
6.620855e-07
-8.5287194e-10
2.8303046e-09
6.5978675e-07
-8.3868305e-10
2.7471151e-09
6.5756074e-07
-8.2430819e-10
2.6672714e-09
6.5540422e-07
-8.0978779e-10
2.5905774e-09
6.5331406e-07
-7.9514344e-10
2.5168502e-09
6.5128743e-07
-7.8042676e-10
2.4459212e-09
6.4932153e-07
-7.6546037e-10
2.3775959e-09
6.4741396e-07
-7.5130851e-10
2.311861e-09
6.4556207e-07
-7.3305527e-10
2.2472527e-09
6.4376228e-07
-7.3382001e-10
2.1939099e-09
6.4205118e-07
-6.6106695e-10
2.069465e-09
6.3994645e-07
-9.2381446e-10
2.6054541e-09
-5.0058902e-10
1.523036e-09
7.7532092e-07
-2.9187709e-09
7.9024672e-09
7.6961891e-07
-2.9972737e-09
7.6388907e-09
7.6417732e-07
-2.9138958e-09
7.3448051e-09
7.5898556e-07
-2.8766915e-09
7.0365341e-09
7.5404007e-07
-2.8138672e-09
6.7236539e-09
7.493211e-07
-2.7426816e-09
6.4281808e-09
7.4480711e-07
-2.6732441e-09
6.1542471e-09
7.4048076e-07
-2.6043274e-09
5.8981611e-09
7.3632751e-07
-2.5352307e-09
5.6573895e-09
7.3233413e-07
-2.4664506e-09
5.4311218e-09
7.2848851e-07
-2.3984022e-09
5.2185818e-09
7.2477984e-07
-2.3311986e-09
5.0186224e-09
7.2119851e-07
-2.2648588e-09
4.8300971e-09
7.1773593e-07
-2.1994514e-09
4.6520488e-09
7.1438439e-07
-2.1350499e-09
4.4836703e-09
7.1113689e-07
-2.0717456e-09
4.3242151e-09
7.0798718e-07
-2.0095831e-09
4.1730067e-09
7.0492958e-07
-1.9486234e-09
4.029425e-09
7.0195895e-07
-1.8888928e-09
3.892921e-09
6.9907062e-07
-1.8304319e-09
3.7629939e-09
6.9626033e-07
-1.7732711e-09
3.6391903e-09
6.9352421e-07
-1.7174172e-09
3.521103e-09
6.9085865e-07
-1.6629021e-09
3.4083495e-09
6.8826043e-07
-1.6096879e-09
3.3005971e-09
6.8572648e-07
-1.5578023e-09
3.197518e-09
6.8325406e-07
-1.5071777e-09
3.0988344e-09
6.8084053e-07
-1.4578355e-09
3.0042627e-09
6.7848356e-07
-1.4097039e-09
2.9135646e-09
6.7618086e-07
-1.3627708e-09
2.8265011e-09
6.7393037e-07
-1.3169723e-09
2.7428633e-09
6.7173013e-07
-1.2722608e-09
2.662447e-09
6.6957828e-07
-1.2286079e-09
2.5850575e-09
6.6747311e-07
-1.1859329e-09
2.5105138e-09
6.6541313e-07
-1.1442529e-09
2.4386222e-09
6.6339595e-07
-1.1034922e-09
2.369296e-09
6.6142442e-07
-1.0628514e-09
2.30126e-09
6.5947864e-07
-1.0326186e-09
2.2444439e-09
6.5765479e-07
-9.5079802e-10
2.1135227e-09
6.5537211e-07
-1.2953739e-09
2.6526214e-09
-6.2457635e-10
1.5741842e-09
7.7043843e-07
7.8928064e-09
7.5982567e-07
7.6154994e-09
7.4959641e-07
7.3153694e-09
7.3971638e-07
7.0033419e-09
7.3021407e-07
6.6884441e-09
7.2107909e-07
6.392299e-09
7.1228735e-07
6.1184962e-09
7.038203e-07
5.8627151e-09
6.9566303e-07
5.6220189e-09
6.878011e-07
5.3954569e-09
6.8022046e-07
5.1822132e-09
6.7290811e-07
4.9811154e-09
6.6585221e-07
4.7910129e-09
6.5904175e-07
4.6109751e-09
6.5246644e-07
4.440242e-09
6.4611656e-07
4.2781203e-09
6.39983e-07
4.1239872e-09
6.3405712e-07
3.9772734e-09
6.2833078e-07
3.8374799e-09
6.2279624e-07
3.7041537e-09
6.1744611e-07
3.5768851e-09
6.1227341e-07
3.455309e-09
6.072714e-07
3.3390788e-09
6.0243379e-07
3.2278984e-09
5.9775441e-07
3.1214707e-09
5.9322755e-07
3.019551e-09
5.8884764e-07
2.9218869e-09
5.8460945e-07
2.8282695e-09
5.8050795e-07
2.7384922e-09
5.7653835e-07
2.6523728e-09
5.7269612e-07
2.5697462e-09
5.6897686e-07
2.4904436e-09
5.6537645e-07
2.4143359e-09
5.6189085e-07
2.3412316e-09
5.5851612e-07
2.2711891e-09
5.552504e-07
2.2028406e-09
5.5207329e-07
2.144399e-09
5.4908594e-07
2.0365139e-09
5.4545469e-07
2.3351554e-09
1.6749164e-09
7.8622149e-07
2.9213239e-09
1.1240861e-15
7.9081216e-07
3.0248412e-09
2.9317523e-15
7.9514878e-07
2.978751e-09
2.3016522e-15
7.9917517e-07
2.976957e-09
1.8245151e-15
8.0291197e-07
2.9516538e-09
-2.1770655e-16
8.0638502e-07
2.9192445e-09
-2.2883619e-15
8.096149e-07
2.888614e-09
-6.9561831e-15
8.1261928e-07
2.8583302e-09
-1.0755407e-14
8.1541377e-07
2.827522e-09
-1.6745145e-14
8.1801279e-07
2.7964147e-09
-2.347848e-14
8.2042978e-07
2.7652065e-09
-3.0593657e-14
8.2267699e-07
2.7338841e-09
-4.2799102e-14
8.2476558e-07
2.702401e-09
-5.2477444e-14
8.2670578e-07
2.6707623e-09
-6.8079022e-14
8.2850703e-07
2.6390117e-09
-7.2798056e-14
8.30178e-07
2.6071858e-09
-9.2265791e-14
8.3172673e-07
2.5753271e-09
-1.0912083e-13
8.3316062e-07
2.5434751e-09
-1.3873716e-13
8.3448654e-07
2.5116792e-09
-1.6247316e-13
8.3571088e-07
2.4799764e-09
-1.8455749e-13
8.3683954e-07
2.4483969e-09
-2.1225326e-13
8.3787808e-07
2.4169679e-09
-2.2621651e-13
8.388316e-07
2.3857041e-09
-2.6108288e-13
8.3970502e-07
2.3546317e-09
-2.6205056e-13
8.405028e-07
2.3237522e-09
-2.8056126e-13
8.412293e-07
2.2930827e-09
-2.4834417e-13
8.4188849e-07
2.2626055e-09
-2.2675306e-13
8.4248428e-07
2.2323224e-09
-1.6120773e-13
8.4302029e-07
2.2022102e-09
-8.3462841e-14
8.435e-07
2.1722596e-09
3.8984961e-14
8.4392678e-07
2.1424452e-09
2.07776e-13
8.4430377e-07
2.1127433e-09
4.1516125e-13
8.4463411e-07
2.083127e-09
6.8587739e-13
8.4492065e-07
2.053569e-09
9.836009e-13
8.4516641e-07
2.0240719e-09
1.3057543e-12
8.4537381e-07
1.9938332e-09
1.5848638e-12
8.4554511e-07
1.9710811e-09
1.8217252e-12
8.4567484e-07
1.9047491e-09
2.007704e-12
8.4580999e-07
2.195626e-09
2.3551816e-12
1.6337522e-09
2.645664e-12
7.9112806e-07
9.4574086e-10
1.1280363e-15
8.0069375e-07
1.0980526e-09
2.9264105e-15
8.0993169e-07
1.0856216e-09
2.2141659e-15
8.1881286e-07
1.1323223e-09
1.7860067e-15
8.2733044e-07
1.1577346e-09
6.1863512e-17
8.3550329e-07
1.1745829e-09
-2.178371e-15
8.4335535e-07
1.1907992e-09
-6.1863111e-15
8.5090649e-07
1.2053426e-09
-8.9258298e-15
8.581736e-07
1.2177862e-09
-1.4485027e-14
8.6517269e-07
1.2284376e-09
-2.0635849e-14
8.7191889e-07
1.2375666e-09
-2.5731071e-14
8.7842605e-07
1.2453238e-09
-3.4303112e-14
8.8470672e-07
1.2518169e-09
-3.9872471e-14
8.9077237e-07
1.2571429e-09
-5.0143431e-14
8.9663367e-07
1.2614067e-09
-4.8487997e-14
9.0230041e-07
1.2646848e-09
-5.7186549e-14
9.0778173e-07
1.2670616e-09
-5.9403337e-14
9.1308609e-07
1.2686018e-09
-6.9448339e-14
9.1822139e-07
1.2693838e-09
-7.0382312e-14
9.2319499e-07
1.269463e-09
-6.6342159e-14
9.2801377e-07
1.2688903e-09
-6.3269266e-14
9.3268421e-07
1.2677177e-09
-4.383321e-14
9.3721231e-07
1.265978e-09
-3.8580589e-14
9.416038e-07
1.2637342e-09
7.069833e-16
9.4586395e-07
1.2610048e-09
2.812705e-14
9.4999783e-07
1.2578529e-09
1.0397227e-13
9.5401011e-07
1.2542791e-09
1.7487818e-13
9.5790525e-07
1.2503346e-09
2.8985335e-13
9.6168737e-07
1.2460222e-09
4.2236402e-13
9.6536041e-07
1.2413796e-09
6.0217084e-13
9.68928e-07
1.2364185e-09
8.3282545e-13
9.7239355e-07
1.2311456e-09
1.1089369e-12
9.7576023e-07
1.2256178e-09
1.4545709e-12
9.7903112e-07
1.219662e-09
1.8399069e-12
9.8220842e-07
1.214094e-09
2.2666864e-12
9.8529602e-07
1.2051673e-09
2.6889977e-12
9.8829845e-07
1.210216e-09
3.1147691e-12
9.9115396e-07
1.1597451e-09
3.5977204e-12
9.9465203e-07
1.3461931e-09
4.7869052e-12
1.0718695e-09
3.677596e-12
7.8962638e-07
4.6308818e-10
1.0993169e-15
7.9776221e-07
5.4768059e-10
2.8794376e-15
8.0557315e-07
5.2425077e-10
2.1775528e-15
8.1307667e-07
5.4043099e-10
1.753103e-15
8.2026716e-07
5.4599663e-10
2.191974e-16
8.27164e-07
5.4866289e-10
-2.4314812e-15
8.3379215e-07
5.5290247e-10
-5.9444949e-15
8.4017142e-07
5.5750133e-10
-8.0190407e-15
8.4631802e-07
5.6186466e-10
-1.4145854e-14
8.5224683e-07
5.6595689e-10
-2.0947327e-14
8.5797161e-07
5.6976946e-10
-2.5383339e-14
8.6350473e-07
5.7326399e-10
-3.2638968e-14
8.6885725e-07
5.7640775e-10
-3.7725575e-14
8.7403917e-07
5.7917684e-10
-4.8217082e-14
8.7905965e-07
5.8157656e-10
-4.6992862e-14
8.8392704e-07
5.8359541e-10
-5.4861212e-14
8.8864907e-07
5.8525154e-10
-5.5081461e-14
8.9323282e-07
5.8654888e-10
-6.2132645e-14
8.9768485e-07
5.8752039e-10
-5.9843068e-14
9.0201125e-07
5.8817664e-10
-5.229917e-14
9.0621764e-07
5.8853099e-10
-4.4387409e-14
9.1030933e-07
5.886044e-10
-1.8540888e-14
9.1429116e-07
5.8839721e-10
-3.8529087e-15
9.1816779e-07
5.8795531e-10
4.6384691e-14
9.2194346e-07
5.8726809e-10
8.6789929e-14
9.2562226e-07
5.8639051e-10
1.7520299e-13
9.2920792e-07
5.852968e-10
2.587655e-13
9.3270406e-07
5.8403459e-10
3.8422777e-13
9.3611399e-07
5.825882e-10
5.2452561e-13
9.3944088e-07
5.8099343e-10
7.070336e-13
9.4268768e-07
5.7925211e-10
9.3385746e-13
9.4585716e-07
5.7736704e-10
1.1976161e-12
9.4895196e-07
5.7538854e-10
1.5203549e-12
9.5197442e-07
5.7317715e-10
1.8706324e-12
9.5492716e-07
5.7130628e-10
2.249788e-12
9.5780993e-07
5.67462e-10
2.6168805e-12
9.606403e-07
5.7112054e-10
2.9747465e-12
9.6331816e-07
5.4846798e-10
3.5669489e-12
9.6663562e-07
6.3038959e-10
4.530162e-12
5.1200656e-10
2.3881937e-12
7.8960687e-07
6.5644631e-16
1.0726663e-15
7.9775279e-07
1.8806718e-15
2.8088656e-15
8.0555988e-07
1.2213932e-15
2.1353907e-15
8.1306342e-07
1.0979991e-15
1.6835502e-15
8.2025146e-07
5.5781791e-16
3.1835957e-16
8.2714042e-07
-1.1037074e-15
-2.3862982e-15
8.3375484e-07
-3.8757283e-15
-5.3975343e-15
8.4011394e-07
-3.2757026e-15
-7.1540657e-15
8.4623359e-07
-3.7392943e-15
-1.3545801e-14
8.5212865e-07
-6.005154e-15
-2.0277617e-14
8.5781312e-07
-9.580854e-15
-2.3628529e-14
8.6329971e-07
-1.421673e-14
-2.927606e-14
8.6859988e-07
-1.5194518e-14
-3.3259748e-14
8.7372408e-07
-1.7918377e-14
-4.2618461e-14
8.786819e-07
-1.2007446e-14
-4.0270895e-14
8.8348214e-07
-1.5049775e-14
-4.4914066e-14
8.8813293e-07
-1.6420866e-14
-4.0185689e-14
8.9264175e-07
-2.6447952e-14
-4.0572625e-14
8.9701554e-07
-2.57431e-14
-3.1214283e-14
9.0126071e-07
-2.1948508e-14
-1.6099e-14
9.0538322e-07
-1.9576515e-14
1.2980158e-15
9.0938866e-07
-1.5229375e-14
3.8043441e-14
9.1328215e-07
-2.868e-14
6.7604194e-14
9.1706859e-07
-2.8306555e-14
1.3314047e-13
9.2075246e-07
-4.5552897e-14
1.9173074e-13
9.2433807e-07
-3.646678e-14
2.9692647e-13
9.2782935e-07
-4.7071122e-14
4.0001465e-13
9.312301e-07
-3.8860417e-14
5.4443557e-13
9.3454382e-07
-4.3943539e-14
7.0613105e-13
9.3777382e-07
-3.4533351e-14
9.0982341e-13
9.4092325e-07
-2.2713556e-14
1.1599556e-12
9.4399498e-07
-8.0315498e-15
1.4477582e-12
9.4699184e-07
1.9223695e-14
1.7964911e-12
9.4991623e-07
4.599571e-14
2.1736426e-12
9.5277115e-07
7.2999421e-14
2.5838437e-12
9.5555584e-07
1.0645926e-13
2.9859017e-12
9.5828911e-07
8.8288523e-14
3.400126e-12
9.6087306e-07
1.6225358e-13
4.1048218e-12
9.6406545e-07
3.877632e-13
5.1739238e-12
-4.8623815e-13
2.4986188e-12
7.8960687e-07
-4.6308691e-10
1.051026e-15
7.9775279e-07
-5.47677e-10
2.7510731e-15
8.0555988e-07
-5.2424843e-10
2.094099e-15
8.1306342e-07
-5.4042881e-10
1.6353956e-15
8.2025146e-07
-5.4599566e-10
2.5774659e-16
8.2714042e-07
-5.4866477e-10
-2.1857104e-15
8.3375484e-07
-5.5290961e-10
-4.8384541e-15
8.4011394e-07
-5.5750779e-10
-6.8603824e-15
8.4623359e-07
-5.6187203e-10
-1.3412632e-14
8.5212866e-07
-5.6596824e-10
-1.9769593e-14
8.5781313e-07
-5.6978752e-10
-2.2504996e-14
8.6329971e-07
-5.7329107e-10
-2.7614297e-14
8.6859989e-07
-5.7643668e-10
-3.1469342e-14
8.7372408e-07
-5.792108e-10
-4.0664109e-14
8.786819e-07
-5.815991e-10
-3.8819308e-14
8.8348214e-07
-5.8362356e-10
-4.2944726e-14
8.8813294e-07
-5.8528173e-10
-3.7190864e-14
8.9264176e-07
-5.8659763e-10
-3.6189732e-14
8.9701555e-07
-5.8756765e-10
-2.6540701e-14
9.0126072e-07
-5.8821695e-10
-1.224136e-14
9.0538324e-07
-5.8856719e-10
4.5046433e-15
9.0938867e-07
-5.8863263e-10
4.0093279e-14
9.1328216e-07
-5.8845122e-10
7.0710613e-14
9.170686e-07
-5.880089e-10
1.3576792e-13
9.2075248e-07
-5.8735514e-10
1.953312e-13
9.2433808e-07
-5.864614e-10
2.9851504e-13
9.2782936e-07
-5.8538884e-10
4.0172058e-13
9.3123011e-07
-5.8411218e-10
5.4451845e-13
9.3454382e-07
-5.82676e-10
7.0662461e-13
9.3777383e-07
-5.8106443e-10
9.0907495e-13
9.4092325e-07
-5.7930058e-10
1.1595508e-12
9.4399498e-07
-5.7738831e-10
1.4465138e-12
9.4699184e-07
-5.7535744e-10
1.7953924e-12
9.4991622e-07
-5.7309606e-10
2.171301e-12
9.5277114e-07
-5.7117354e-10
2.5828103e-12
9.5555582e-07
-5.672665e-10
2.9883432e-12
9.5828909e-07
-5.7096738e-10
3.409673e-12
9.6087302e-07
-5.4815802e-10
4.098744e-12
9.6406539e-07
-6.2961682e-10
5.389759e-12
-5.1301067e-10
2.4970412e-12
7.8962638e-07
-9.4573969e-10
1.0587604e-15
7.9776221e-07
-1.0980494e-09
2.8089129e-15
8.0557315e-07
-1.0856194e-09
2.1956678e-15
8.1307667e-07
-1.1323202e-09
1.750306e-15
8.2026716e-07
-1.157734e-09
2.087874e-16
8.27164e-07
-1.1745843e-09
-1.7784575e-15
8.3379215e-07
-1.1908053e-09
-4.334402e-15
8.4017143e-07
-1.2053496e-09
-6.9629591e-15
8.4631803e-07
-1.2177947e-09
-1.3461995e-14
8.5224683e-07
-1.2284496e-09
-1.9290139e-14
8.5797161e-07
-1.2375849e-09
-2.1857191e-14
8.6350474e-07
-1.2453513e-09
-2.7056519e-14
8.6885727e-07
-1.2518471e-09
-3.0937068e-14
8.7403919e-07
-1.2571786e-09
-4.028491e-14
8.7905967e-07
-1.2614339e-09
-3.9638305e-14
8.8392707e-07
-1.2647185e-09
-4.5223472e-14
8.8864911e-07
-1.2670982e-09
-4.1174884e-14
8.9323287e-07
-1.2686559e-09
-4.2911753e-14
8.9768491e-07
-1.2694399e-09
-3.828609e-14
9.0201132e-07
-1.2695177e-09
-3.1817359e-14
9.0621773e-07
-1.2689473e-09
-2.4947781e-14
9.1030942e-07
-1.2677737e-09
-1.714838e-15
9.1429127e-07
-1.2660628e-09
1.5829e-14
9.1816792e-07
-1.2638258e-09
6.4659486e-14
9.219436e-07
-1.2611335e-09
1.0635874e-13
9.2562242e-07
-1.2579773e-09
1.8726203e-13
9.292081e-07
-1.2544303e-09
2.6743323e-13
9.3270426e-07
-1.2504827e-09
3.8349181e-13
9.3611421e-07
-1.2461851e-09
5.1791724e-13
9.394411e-07
-1.2415352e-09
6.8771822e-13
9.4268793e-07
-1.2365561e-09
9.0437922e-13
9.4585742e-07
-1.2312622e-09
1.1517758e-12
9.4895222e-07
-1.2256851e-09
1.4593992e-12
9.5197466e-07
-1.2196851e-09
1.7870566e-12
9.5492739e-07
-1.2140637e-09
2.1515409e-12
9.5781013e-07
-1.2050844e-09
2.5004149e-12
9.6064048e-07
-1.2101692e-09
2.8636642e-12
9.6331825e-07
-1.1595557e-09
3.4170228e-12
9.6663559e-07
-1.3458372e-09
4.3274136e-12
-1.0725093e-09
2.6297266e-12
7.9112806e-07
-2.9213239e-09
1.089232e-15
8.0069375e-07
-3.0248397e-09
2.9495318e-15
8.0993169e-07
-2.9787503e-09
2.3954826e-15
8.1881287e-07
-2.9769571e-09
1.7999717e-15
8.2733045e-07
-2.9516565e-09
1.1059357e-16
8.355033e-07
-2.9192504e-09
-1.3439005e-15
8.4335537e-07
-2.8886261e-09
-4.234493e-15
8.5090653e-07
-2.8583469e-09
-7.6576165e-15
8.5817366e-07
-2.827543e-09
-1.3865065e-14
8.6517276e-07
-2.796442e-09
-1.9380343e-14
8.7191899e-07
-2.7652435e-09
-2.2601279e-14
8.7842618e-07
-2.7339354e-09
-2.8496636e-14
8.8470689e-07
-2.7024625e-09
-3.2511525e-14
8.9077259e-07
-2.6708362e-09
-4.1858152e-14
8.9663394e-07
-2.6390883e-09
-4.2532291e-14
9.0230075e-07
-2.6072777e-09
-4.9678743e-14
9.0778216e-07
-2.5754344e-09
-4.757062e-14
9.1308662e-07
-2.54361e-09
-5.1851373e-14
9.1822203e-07
-2.5118325e-09
-5.1876707e-14
9.2319577e-07
-2.4801452e-09
-5.2464957e-14
9.2801469e-07
-2.4485849e-09
-5.4840078e-14
9.3268528e-07
-2.4171722e-09
-4.3823779e-14
9.3721355e-07
-2.3859478e-09
-3.9531979e-14
9.4160522e-07
-2.3548999e-09
-7.4945972e-15
9.4586556e-07
-2.3240668e-09
1.6871977e-14
9.4999964e-07
-2.2934147e-09
7.7402261e-14
9.5401213e-07
-2.2629743e-09
1.4022668e-13
9.5790749e-07
-2.2327083e-09
2.396902e-13
9.6168984e-07
-2.2026203e-09
3.6351957e-13
9.653631e-07
-2.1726782e-09
5.2615581e-13
9.6893093e-07
-2.1428543e-09
7.4566071e-13
9.723967e-07
-2.1131396e-09
1.0037762e-12
9.7576361e-07
-2.083479e-09
1.3361716e-12
9.790347e-07
-2.053883e-09
1.7000294e-12
9.822122e-07
-2.0243346e-09
2.1197623e-12
9.8529999e-07
-1.9940727e-09
2.5350833e-12
9.8830265e-07
-1.9713555e-09
2.9881889e-12
9.9115836e-07
-1.9050088e-09
3.4094392e-12
9.9465678e-07
-2.1962167e-09
4.7959059e-12
-1.6340688e-09
3.7242249e-12
7.8622149e-07
1.0908927e-15
7.9081216e-07
3.0856722e-15
7.9514878e-07
2.6935602e-15
7.9917517e-07
2.086406e-15
8.0291196e-07
2.7898394e-16
8.0638501e-07
-8.3532707e-16
8.0961488e-07
-3.9293981e-15
8.1261925e-07
-7.908162e-15
8.1541372e-07
-1.3769704e-14
8.1801273e-07
-1.8758386e-14
8.204297e-07
-2.2256553e-14
8.2267687e-07
-2.892367e-14
8.2476543e-07
-3.3727601e-14
8.2670558e-07
-4.4379129e-14
8.2850676e-07
-4.82621e-14
8.3017765e-07
-6.0732967e-14
8.3172628e-07
-6.6348775e-14
8.3316004e-07
-8.1117151e-14
8.3448582e-07
-9.5469925e-14
8.3570998e-07
-1.1414958e-13
8.3683844e-07
-1.3842744e-13
8.3787675e-07
-1.5220541e-13
8.3883003e-07
-1.7531244e-13
8.3970317e-07
-1.7290786e-13
8.4050065e-07
-1.8085529e-13
8.4122682e-07
-1.554921e-13
8.4188567e-07
-1.3020216e-13
8.4248109e-07
-7.2142179e-14
8.4301671e-07
6.1575658e-15
8.4349604e-07
1.1511152e-13
8.4392242e-07
2.7359723e-13
8.4429904e-07
4.5764276e-13
8.4462902e-07
7.042183e-13
8.4491524e-07
9.6359495e-13
8.4516072e-07
1.2615805e-12
8.4536786e-07
1.5275098e-12
8.4553897e-07
1.7805817e-12
8.4566836e-07
1.93957e-12
8.4580311e-07
2.8249187e-12
2.4509817e-12
7.862215e-07
2.9213239e-09
-7.8928056e-09
7.9081216e-07
3.0248412e-09
-7.6154945e-09
7.9514879e-07
2.978751e-09
-7.3153659e-09
7.9917518e-07
2.976957e-09
-7.0033411e-09
8.0291198e-07
2.9516538e-09
-6.6884499e-09
8.0638505e-07
2.9192445e-09
-6.3923107e-09
8.0961494e-07
2.8886141e-09
-6.1185195e-09
8.1261934e-07
2.8583306e-09
-5.8627494e-09
8.1541384e-07
2.8275222e-09
-5.622068e-09
8.1801289e-07
2.7964147e-09
-5.3955219e-09
8.2042991e-07
2.7652067e-09
-5.1822942e-09
8.2267715e-07
2.7338847e-09
-4.9812238e-09
8.2476578e-07
2.7024018e-09
-4.7911427e-09
8.2670603e-07
2.6707631e-09
-4.6111399e-09
8.2850734e-07
2.6390126e-09
-4.4404189e-09
8.3017837e-07
2.6071871e-09
-4.2783385e-09
8.3172718e-07
2.5753291e-09
-4.1242348e-09
8.3316115e-07
2.5434782e-09
-3.9775745e-09
8.3448716e-07
2.5116836e-09
-3.837822e-09
8.3571157e-07
2.479982e-09
-3.7045339e-09
8.3684031e-07
2.4484038e-09
-3.5773161e-09
8.3787891e-07
2.4169764e-09
-3.4557574e-09
8.3883249e-07
2.3857145e-09
-3.3395888e-09
8.3970593e-07
2.3546441e-09
-3.2283934e-09
8.4050372e-07
2.3237669e-09
-3.1219961e-09
8.412302e-07
2.2930994e-09
-3.0200004e-09
8.4188936e-07
2.2626242e-09
-2.9222894e-09
8.4248509e-07
2.2323429e-09
-2.8285335e-09
8.4302102e-07
2.2022325e-09
-2.7385959e-09
8.4350065e-07
2.1722837e-09
-2.652234e-09
8.4392734e-07
2.1424708e-09
-2.5692669e-09
8.4430425e-07
2.1127706e-09
-2.489567e-09
8.4463452e-07
2.0831557e-09
-2.4129307e-09
8.4492104e-07
2.0535998e-09
-2.3392749e-09
8.4516682e-07
2.0241049e-09
-2.2686294e-09
8.453743e-07
1.9938741e-09
-2.1997595e-09
8.4554579e-07
1.9711308e-09
-2.1409729e-09
8.4567564e-07
1.9048431e-09
-2.0326476e-09
8.4581133e-07
2.1958719e-09
-2.3302311e-09
1.6335112e-09
-1.6704919e-09
7.9112806e-07
9.4574085e-10
-7.9024664e-09
8.0069375e-07
1.0980526e-09
-7.6388864e-09
8.099317e-07
1.0856215e-09
-7.3448025e-09
8.1881287e-07
1.1323222e-09
-7.0365337e-09
8.2733046e-07
1.1577346e-09
-6.7236594e-09
8.3550331e-07
1.1745828e-09
-6.4281929e-09
8.4335538e-07
1.1907992e-09
-6.1542686e-09
8.5090654e-07
1.2053428e-09
-5.8981909e-09
8.5817367e-07
1.2177861e-09
-5.657434e-09
8.6517278e-07
1.2284373e-09
-5.4311817e-09
8.7191901e-07
1.2375663e-09
-5.2186534e-09
8.7842619e-07
1.2453238e-09
-5.0187139e-09
8.8470689e-07
1.2518168e-09
-4.8302022e-09
8.9077259e-07
1.2571426e-09
-4.6521783e-09
8.9663392e-07
1.261406e-09
-4.4837985e-09
9.0230071e-07
1.264684e-09
-4.3243625e-09
9.0778209e-07
1.267061e-09
-4.1731544e-09
9.130865e-07
1.2686016e-09
-4.0295872e-09
9.1822186e-07
1.2693839e-09
-3.8930781e-09
9.2319551e-07
1.2694632e-09
-3.7631365e-09
9.2801434e-07
1.2688908e-09
-3.6393225e-09
9.3268481e-07
1.2677186e-09
-3.5211881e-09
9.3721293e-07
1.2659799e-09
-3.4084191e-09
9.4160441e-07
1.2637372e-09
-3.3005763e-09
9.4586455e-07
1.2610093e-09
-3.1974399e-09
9.4999839e-07
1.2578585e-09
-3.0985983e-09
9.5401061e-07
1.2542859e-09
-3.0038871e-09
9.5790568e-07
1.2503422e-09
-2.912959e-09
9.6168772e-07
1.2460306e-09
-2.8256341e-09
9.6536065e-07
1.2413883e-09
-2.7416453e-09
9.6892815e-07
1.2364269e-09
-2.660772e-09
9.723936e-07
1.2311533e-09
-2.5828501e-09
9.757602e-07
1.2256239e-09
-2.507632e-09
9.7903104e-07
1.2196658e-09
-2.4350142e-09
9.8220834e-07
1.2140951e-09
-2.3648837e-09
9.8529602e-07
1.2051665e-09
-2.296074e-09
9.8829864e-07
1.2102183e-09
-2.2385157e-09
9.9115446e-07
1.1597809e-09
-2.1067569e-09
9.9465318e-07
1.3462027e-09
-2.6438801e-09
1.0717071e-09
-1.5670858e-09
7.8962638e-07
4.6308818e-10
-7.8937118e-09
7.9776221e-07
5.4768057e-10
-7.5854476e-09
8.0557315e-07
5.2425074e-10
-7.2495608e-09
8.1307668e-07
5.4043094e-10
-6.9116212e-09
8.2026718e-07
5.4599661e-10
-6.5787573e-09
8.2716402e-07
5.4866279e-10
-6.2709235e-09
8.3379219e-07
5.5290247e-10
-5.9902811e-09
8.4017147e-07
5.5750137e-10
-5.7314641e-09
8.4631809e-07
5.6186447e-10
-5.4907303e-09
8.5224691e-07
5.6595647e-10
-5.2663988e-09
8.5797172e-07
5.6976909e-10
-5.0570704e-09
8.6350486e-07
5.7326381e-10
-4.8611703e-09
8.6885742e-07
5.764075e-10
-4.6772282e-09
8.7403937e-07
5.7917632e-10
-4.504087e-09
8.7905989e-07
5.8157551e-10
-4.3407521e-09
8.8392732e-07
5.8359418e-10
-4.1864184e-09
8.886494e-07
5.8525041e-10
-4.0403011e-09
8.9323319e-07
5.865481e-10
-3.9017677e-09
8.9768526e-07
5.8751973e-10
-3.770207e-09
9.0201169e-07
5.881758e-10
-3.6451098e-09
9.0621811e-07
5.8853004e-10
-3.5260233e-09
9.1030979e-07
5.8860333e-10
-3.4124941e-09
9.1429161e-07
5.8839679e-10
-3.3042043e-09
9.1816821e-07
5.8795545e-10
-3.2007193e-09
9.2194381e-07
5.8726935e-10
-3.1018221e-09
9.2562253e-07
5.8639226e-10
-3.0071105e-09
9.2920809e-07
5.852995e-10
-2.9164254e-09
9.3270411e-07
5.8403781e-10
-2.8294316e-09
9.3611391e-07
5.8259227e-10
-2.7459577e-09
9.3944065e-07
5.8099788e-10
-2.6657517e-09
9.4268732e-07
5.7925702e-10
-2.5886037e-09
9.4585667e-07
5.7737209e-10
-2.5143655e-09
9.4895135e-07
5.753936e-10
-2.4428054e-09
9.5197372e-07
5.7318179e-10
-2.3738222e-09
9.5492644e-07
5.7131069e-10
-2.3073781e-09
9.5780924e-07
5.6746696e-10
-2.2421052e-09
9.6063975e-07
5.7112892e-10
-2.1881834e-09
9.6331779e-07
5.4849728e-10
-2.0625316e-09
9.6663576e-07
6.304336e-10
-2.5966416e-09
5.1188446e-10
-1.5192366e-09
7.8960687e-07
6.5029005e-16
-7.893767e-09
7.9775279e-07
1.865699e-15
-7.5982321e-09
8.0555989e-07
1.2058814e-15
-7.2828352e-09
8.1306343e-07
1.0583196e-15
-6.9631029e-09
8.2025148e-07
4.9125168e-16
-6.642042e-09
8.2714044e-07
-1.106128e-15
-6.3403039e-09
8.3375487e-07
-3.8522172e-15
-6.0615335e-09
8.4011399e-07
-3.3831882e-15
-5.8016292e-09
8.4623365e-07
-3.9554902e-15
-5.5578304e-09
8.5212873e-07
-6.26952e-15
-5.3291754e-09
8.5781322e-07
-9.872835e-15
-5.1147742e-09
8.6329983e-07
-1.4488413e-14
-4.9134078e-09
8.6860003e-07
-1.5509054e-14
-4.7238533e-09
8.7372426e-07
-1.8337577e-14
-4.5451192e-09
8.7868211e-07
-1.2821248e-14
-4.3763211e-09
8.8348238e-07
-1.601261e-14
-4.2167205e-09
8.8813321e-07
-1.7254126e-14
-4.0655752e-09
8.9264206e-07
-2.6904291e-14
-3.9222759e-09
8.9701587e-07
-2.6051854e-14
-3.7862229e-09
9.0126105e-07
-2.2455329e-14
-3.6569068e-09
9.0538356e-07
-2.0288777e-14
-3.5338663e-09
9.0938896e-07
-1.6260164e-14
-3.4166396e-09
9.1328241e-07
-2.9320888e-14
-3.3048923e-09
9.1706878e-07
-2.8780929e-14
-3.1981827e-09
9.2075256e-07
-4.5414402e-14
-3.0962749e-09
9.2433806e-07
-3.6517314e-14
-2.9987603e-09
9.2782921e-07
-4.6862117e-14
-2.9054573e-09
9.3122981e-07
-3.8917114e-14
-2.8160233e-09
9.3454336e-07
-4.3905201e-14
-2.7302674e-09
9.3777321e-07
-3.5010274e-14
-2.6479295e-09
9.4092247e-07
-2.3464928e-14
-2.568783e-09
9.4399407e-07
-9.4283344e-15
-2.4926701e-09
9.4699081e-07
1.7385634e-14
-2.419345e-09
9.4991513e-07
4.3293016e-14
-2.3487004e-09
9.5277003e-07
7.0137785e-14
-2.2806706e-09
9.5555478e-07
1.0394994e-13
-2.2139071e-09
9.5828823e-07
8.6029215e-14
-2.1586067e-09
9.6087242e-07
1.6335934e-13
-2.0309422e-09
9.6406541e-07
4.2087285e-13
-2.5561943e-09
-5.1232941e-13
-1.4989698e-09
7.8960687e-07
-4.6308691e-10
-7.893767e-09
7.9775279e-07
-5.4767698e-10
-7.5982322e-09
8.0555989e-07
-5.2424841e-10
-7.2828352e-09
8.1306343e-07
-5.4042882e-10
-6.963103e-09
8.2025147e-07
-5.4599574e-10
-6.6420421e-09
8.2714044e-07
-5.4866469e-10
-6.3403034e-09
8.3375487e-07
-5.5290957e-10
-6.0615327e-09
8.4011399e-07
-5.5750801e-10
-5.801629e-09
8.4623365e-07
-5.6187228e-10
-5.5578303e-09
8.5212873e-07
-5.6596841e-10
-5.3291748e-09
8.5781322e-07
-5.6978779e-10
-5.1147729e-09
8.6329983e-07
-5.7329147e-10
-4.9134059e-09
8.6860003e-07
-5.7643709e-10
-4.7238515e-09
8.7372425e-07
-5.7921118e-10
-4.5451174e-09
8.786821e-07
-5.8159965e-10
-4.3763206e-09
8.8348237e-07
-5.8362421e-10
-4.2167197e-09
8.881332e-07
-5.852822e-10
-4.0655735e-09
8.9264205e-07
-5.8659777e-10
-3.9222729e-09
8.9701586e-07
-5.8756766e-10
-3.7862207e-09
9.0126104e-07
-5.8821724e-10
-3.6569074e-09
9.0538355e-07
-5.8856798e-10
-3.5338696e-09
9.0938896e-07
-5.8863414e-10
-3.4166466e-09
9.1328241e-07
-5.8845316e-10
-3.3048994e-09
9.1706878e-07
-5.8801153e-10
-3.1981931e-09
9.2075256e-07
-5.8735847e-10
-3.096286e-09
9.2433806e-07
-5.8646621e-10
-2.9987773e-09
9.2782921e-07
-5.8539496e-10
-2.9054765e-09
9.3122981e-07
-5.8412007e-10
-2.8160477e-09
9.3454338e-07
-5.8268536e-10
-2.7302934e-09
9.3777322e-07
-5.8107589e-10
-2.6479602e-09
9.409225e-07
-5.7931369e-10
-2.5688156e-09
9.4399409e-07
-5.7740348e-10
-2.492707e-09
9.4699084e-07
-5.75374e-10
-2.4193844e-09
9.4991516e-07
-5.731144e-10
-2.3487453e-09
9.5277007e-07
-5.7119212e-10
-2.2807159e-09
9.5555482e-07
-5.6728686e-10
-2.2139548e-09
9.5828827e-07
-5.7098426e-10
-2.1586382e-09
9.6087246e-07
-5.4821141e-10
-2.0310026e-09
9.6406544e-07
-6.2972028e-10
-2.5561993e-09
-5.1277096e-10
-1.4988131e-09
7.8962638e-07
-9.4573968e-10
-7.8937117e-09
7.9776221e-07
-1.0980493e-09
-7.5854476e-09
8.0557315e-07
-1.0856193e-09
-7.2495606e-09
8.1307668e-07
-1.1323202e-09
-6.9116211e-09
8.2026718e-07
-1.1577341e-09
-6.578757e-09
8.2716402e-07
-1.1745843e-09
-6.2709215e-09
8.3379218e-07
-1.1908053e-09
-5.9902776e-09
8.4017147e-07
-1.2053499e-09
-5.7314616e-09
8.4631808e-07
-1.217795e-09
-5.4907278e-09
8.522469e-07
-1.2284499e-09
-5.266394e-09
8.579717e-07
-1.2375853e-09
-5.0570625e-09
8.6350485e-07
-1.2453519e-09
-4.8611588e-09
8.688574e-07
-1.2518476e-09
-4.6772146e-09
8.7403935e-07
-1.257179e-09
-4.504071e-09
8.7905986e-07
-1.2614344e-09
-4.3407372e-09
8.839273e-07
-1.2647191e-09
-4.1863998e-09
8.8864937e-07
-1.2670986e-09
-4.0402759e-09
8.9323316e-07
-1.2686562e-09
-3.9017345e-09
8.9768524e-07
-1.2694403e-09
-3.7701715e-09
9.0201166e-07
-1.2695185e-09
-3.6450775e-09
9.0621809e-07
-1.2689488e-09
-3.5259936e-09
9.1030978e-07
-1.2677763e-09
-3.4124699e-09
9.1429161e-07
-1.2660662e-09
-3.3041757e-09
9.1816821e-07
-1.2638303e-09
-3.2006948e-09
9.2194384e-07
-1.2611391e-09
-3.1017952e-09
9.2562257e-07
-1.2579845e-09
-3.0070966e-09
9.2920815e-07
-1.2544386e-09
-2.9164145e-09
9.3270419e-07
-1.2504923e-09
-2.8294335e-09
9.3611402e-07
-1.2461952e-09
-2.7459636e-09
9.3944078e-07
-1.2415461e-09
-2.6657716e-09
9.4268747e-07
-1.2365669e-09
-2.5886313e-09
9.4585684e-07
-1.2312729e-09
-2.5144089e-09
9.4895153e-07
-1.2256943e-09
-2.4428603e-09
9.519739e-07
-1.2196927e-09
-2.3738987e-09
9.549266e-07
-1.2140682e-09
-2.3074612e-09
9.5780937e-07
-1.2050848e-09
-2.2422011e-09
9.6063985e-07
-1.2101703e-09
-2.1882502e-09
9.6331779e-07
-1.1596007e-09
-2.0626622e-09
9.6663561e-07
-1.3457601e-09
-2.5965864e-09
-1.0723808e-09
-1.5189712e-09
7.9112806e-07
-2.9213239e-09
-7.9024663e-09
8.0069375e-07
-3.0248397e-09
-7.6388863e-09
8.099317e-07
-2.9787504e-09
-7.3448023e-09
8.1881288e-07
-2.9769572e-09
-7.0365339e-09
8.2733047e-07
-2.9516567e-09
-6.7236593e-09
8.3550332e-07
-2.9192505e-09
-6.4281912e-09
8.433554e-07
-2.8886264e-09
-6.1542649e-09
8.5090657e-07
-2.8583473e-09
-5.8981885e-09
8.5817371e-07
-2.8275435e-09
-5.6574325e-09
8.6517283e-07
-2.7964424e-09
-5.4311786e-09
8.7191908e-07
-2.7652443e-09
-5.2186473e-09
8.7842629e-07
-2.7339363e-09
-5.0187034e-09
8.8470703e-07
-2.7024635e-09
-4.8301903e-09
8.9077276e-07
-2.6708373e-09
-4.6521658e-09
8.9663415e-07
-2.6390898e-09
-4.483792e-09
9.02301e-07
-2.6072798e-09
-4.324355e-09
9.0778245e-07
-2.5754371e-09
-4.1731431e-09
9.1308696e-07
-2.5436132e-09
-4.0295697e-09
9.1822242e-07
-2.5118366e-09
-3.8930636e-09
9.2319619e-07
-2.4801505e-09
-3.7631339e-09
9.2801516e-07
-2.4485914e-09
-3.6393311e-09
9.3268578e-07
-2.4171804e-09
-3.5212132e-09
9.3721407e-07
-2.3859572e-09
-3.4084449e-09
9.4160574e-07
-2.354911e-09
-3.3006157e-09
9.4586607e-07
-2.3240791e-09
-3.1974809e-09
9.5000013e-07
-2.2934286e-09
-3.0986633e-09
9.5401257e-07
-2.262989e-09
-3.0039589e-09
9.5790786e-07
-2.2327242e-09
-2.9130514e-09
9.6169014e-07
-2.202637e-09
-2.8257325e-09
9.6536331e-07
-2.1726964e-09
-2.7417631e-09
9.6893104e-07
-2.142874e-09
-2.6608998e-09
9.7239672e-07
-2.113161e-09
-2.5829962e-09
9.7576355e-07
-2.0835026e-09
-2.507791e-09
9.7903459e-07
-2.0539092e-09
-2.4351962e-09
9.8221208e-07
-2.0243632e-09
-2.3650682e-09
9.8529995e-07
-1.9941063e-09
-2.2962671e-09
9.8830278e-07
-1.9713935e-09
-2.2386419e-09
9.9115879e-07
-1.9050867e-09
-2.1070302e-09
9.9465782e-07
-2.1963834e-09
-2.6440311e-09
-1.6338726e-09
-1.5666003e-09
7.8622149e-07
-7.8928053e-09
7.9081216e-07
-7.6154943e-09
7.9514878e-07
-7.3153655e-09
7.9917518e-07
-7.0033409e-09
8.0291197e-07
-6.6884488e-09
8.0638503e-07
-6.3923075e-09
8.0961491e-07
-6.1185128e-09
8.1261929e-07
-5.8627421e-09
8.1541377e-07
-5.6220601e-09
8.180128e-07
-5.3955105e-09
8.2042978e-07
-5.1822762e-09
8.2267697e-07
-4.9811956e-09
8.2476555e-07
-4.7911074e-09
8.2670572e-07
-4.6110975e-09
8.2850695e-07
-4.4403777e-09
8.3017788e-07
-4.2782876e-09
8.3172656e-07
-4.1241691e-09
8.3316037e-07
-3.9774881e-09
8.344862e-07
-3.8377246e-09
8.3571042e-07
-3.7044355e-09
8.3683894e-07
-3.5772146e-09
8.3787729e-07
-3.4556596e-09
8.3883061e-07
-3.3394716e-09
8.3970376e-07
-3.2282748e-09
8.4050125e-07
-3.1218585e-09
8.412274e-07
-3.0198768e-09
8.4188622e-07
-2.9221578e-09
8.424816e-07
-2.8284166e-09
8.4301717e-07
-2.7384783e-09
8.4349644e-07
-2.6521399e-09
8.4392277e-07
-2.5691926e-09
8.4429934e-07
-2.4895313e-09
8.446293e-07
-2.4129379e-09
8.4491553e-07
-2.3393456e-09
8.4516108e-07
-2.2687447e-09
8.4536833e-07
-2.1999226e-09
8.4553967e-07
-2.1410882e-09
8.4566927e-07
-2.0329017e-09
8.4580461e-07
-2.330219e-09
-1.6704261e-09
7.7043843e-07
2.918771e-09
7.5982567e-07
2.997275e-09
7.4959641e-07
2.9138963e-09
7.3971638e-07
2.8766915e-09
7.3021406e-07
2.8138645e-09
7.2107908e-07
2.7426753e-09
7.1228732e-07
2.6732318e-09
7.0382026e-07
2.6043109e-09
6.9566298e-07
2.5352092e-09
6.8780103e-07
2.4664222e-09
6.8022036e-07
2.3983639e-09
6.7290798e-07
2.3311458e-09
6.6585203e-07
2.2647963e-09
6.590415e-07
2.1993774e-09
6.524661e-07
2.134978e-09
6.4611609e-07
2.0716627e-09
6.3998237e-07
2.0094911e-09
6.3405629e-07
1.9485108e-09
6.283297e-07
1.8887745e-09
6.2279487e-07
1.8303155e-09
6.1744441e-07
1.7731551e-09
6.1227136e-07
1.7173086e-09
6.0726899e-07
1.6627739e-09
6.0243103e-07
1.6095627e-09
5.9775136e-07
1.5576548e-09
5.9322428e-07
1.5070503e-09
5.8884423e-07
1.4577042e-09
5.8460605e-07
1.4095993e-09
5.8050471e-07
1.3626858e-09
5.7653547e-07
1.3169368e-09
5.7269386e-07
1.2723027e-09
5.6897551e-07
1.2287436e-09
5.6537636e-07
1.1862097e-09
5.6189241e-07
1.1446765e-09
5.5851973e-07
1.1040832e-09
5.5525642e-07
1.0635939e-09
5.5208202e-07
1.0334419e-09
5.4909757e-07
9.5188497e-10
5.4547097e-07
1.2964612e-09
6.2490747e-10
7.7532092e-07
9.4539894e-10
7.696189e-07
1.0604074e-09
7.6417731e-07
1.0106836e-09
7.5898554e-07
1.0319263e-09
7.5404004e-07
1.0357111e-09
7.4932105e-07
1.03347e-09
7.4480703e-07
1.0329843e-09
7.4048065e-07
1.0324967e-09
7.3632736e-07
1.0310586e-09
7.3233392e-07
1.028673e-09
7.2848824e-07
1.0253883e-09
7.2477948e-07
1.0211782e-09
7.2119805e-07
1.0160158e-09
7.1773533e-07
1.0099029e-09
7.1438362e-07
1.0028813e-09
7.1113594e-07
9.9498406e-10
7.0798601e-07
9.8626986e-10
7.0492815e-07
9.7678851e-10
7.0195725e-07
9.6661513e-10
6.9906864e-07
9.5580499e-10
6.9625807e-07
9.4441303e-10
6.9352172e-07
9.3249987e-10
6.9085597e-07
9.2010589e-10
6.8825766e-07
9.07311e-10
6.8572372e-07
8.9414136e-10
6.8325148e-07
8.806796e-10
6.8083834e-07
8.6692999e-10
6.7848198e-07
8.5296281e-10
6.7618022e-07
8.3878553e-10
6.7393102e-07
8.2445424e-10
6.7173255e-07
8.0998691e-10
6.6958304e-07
7.9540251e-10
6.6748087e-07
7.807772e-10
6.6542467e-07
7.6589882e-10
6.634121e-07
7.5183737e-10
6.6144602e-07
7.3368197e-10
6.595066e-07
7.3441101e-10
6.5768979e-07
6.6208265e-10
6.554175e-07
9.2509718e-10
4.993334e-10
7.7383999e-07
4.6171003e-10
7.6678029e-07
5.3466396e-10
7.6003665e-07
5.0476382e-10
7.536374e-07
5.1955295e-10
7.4757228e-07
5.2207944e-10
7.4181498e-07
5.1984021e-10
7.3633958e-07
5.1810442e-10
7.3112468e-07
5.1593017e-10
7.2615206e-07
5.1294503e-10
7.21405e-07
5.0932628e-10
7.1686809e-07
5.0522182e-10
7.1252738e-07
5.0070082e-10
7.0837035e-07
4.9580615e-10
7.0438559e-07
4.9056874e-10
7.0056268e-07
4.8503551e-10
6.9689202e-07
4.7922274e-10
6.9336482e-07
4.7317051e-10
6.8997296e-07
4.6689695e-10
6.8670893e-07
4.6044826e-10
6.8356581e-07
4.538409e-10
6.8053713e-07
4.470915e-10
6.7761693e-07
4.4022465e-10
6.7479961e-07
4.3323888e-10
6.7208003e-07
4.2618776e-10
6.6945329e-07
4.1905439e-10
6.6691496e-07
4.1190294e-10
6.6446076e-07
4.0469516e-10
6.6208679e-07
3.9748723e-10
6.5978935e-07
3.9025259e-10
6.5756501e-07
3.8303462e-10
6.5541057e-07
3.7582745e-10
6.53323e-07
3.6863361e-10
6.5129951e-07
3.6150981e-10
6.4933739e-07
3.5427006e-10
6.4743426e-07
3.4768836e-10
6.4558744e-07
3.385256e-10
6.437934e-07
3.4036552e-10
6.4208914e-07
3.0400322e-10
6.3999277e-07
4.252088e-10
2.3651857e-10
7.7381795e-07
6.4559834e-16
7.6675438e-07
1.8624433e-15
7.5997631e-07
1.3212144e-15
7.5353276e-07
1.2893917e-15
7.474128e-07
8.123013e-16
7.4159234e-07
-7.5350739e-16
7.3604891e-07
-3.5038118e-15
7.3076321e-07
-2.7422663e-15
7.2571833e-07
-3.109446e-15
7.2089848e-07
-5.5245634e-15
7.1628892e-07
-9.4282328e-15
7.1187622e-07
-1.422722e-14
7.0764818e-07
-1.4823581e-14
7.0359364e-07
-1.7196675e-14
6.9970236e-07
-9.9681687e-15
6.9596487e-07
-1.2847861e-14
6.9237248e-07
-1.3831288e-14
6.8891714e-07
-2.4257935e-14
6.855914e-07
-2.1597873e-14
6.8238837e-07
-1.5074714e-14
6.7930163e-07
-1.0873031e-14
6.7632525e-07
-4.7384183e-15
6.7345363e-07
-2.0762113e-14
6.7068167e-07
-1.9506026e-14
6.6800449e-07
-4.0203077e-14
6.6541766e-07
-2.7630877e-14
6.6291692e-07
-4.0886445e-14
6.604984e-07
-2.9932649e-14
6.5815841e-07
-3.7248045e-14
6.5589353e-07
-2.4553414e-14
6.5370059e-07
-1.0347292e-14
6.5157656e-07
9.4180974e-15
6.4951873e-07
4.3463658e-14
6.4752429e-07
7.9187689e-14
6.4559129e-07
1.1142003e-13
6.4371586e-07
1.5776416e-13
6.4189759e-07
1.2569969e-13
6.4017061e-07
2.3566056e-13
6.3803936e-07
6.0147755e-13
-7.445834e-13
7.7381795e-07
-4.6170877e-10
7.6675438e-07
-5.3466033e-10
7.5997631e-07
-5.0476122e-10
7.5353276e-07
-5.1955039e-10
7.474128e-07
-5.2207798e-10
7.4159234e-07
-5.1984152e-10
7.3604891e-07
-5.1811108e-10
7.3076322e-07
-5.1593597e-10
7.2571833e-07
-5.1295176e-10
7.2089848e-07
-5.0933748e-10
7.1628893e-07
-5.0524058e-10
7.1187623e-07
-5.0072921e-10
7.0764819e-07
-4.9583592e-10
7.0359364e-07
-4.9060315e-10
6.9970237e-07
-4.8505621e-10
6.9596488e-07
-4.7924914e-10
6.923725e-07
-4.7319861e-10
6.8891715e-07
-4.66945e-10
6.8559142e-07
-4.6049193e-10
6.8238839e-07
-4.5387347e-10
6.7930165e-07
-4.4711788e-10
6.7632525e-07
-4.4024115e-10
6.7345363e-07
-4.3328808e-10
6.7068166e-07
-4.2623684e-10
6.6800447e-07
-4.1914599e-10
6.6541763e-07
-4.1197404e-10
6.6291687e-07
-4.0479476e-10
6.6049833e-07
-3.9756914e-10
6.5815832e-07
-3.903504e-10
6.5589341e-07
-3.8311081e-10
6.5370044e-07
-3.7587705e-10
6.5157638e-07
-3.6864713e-10
6.4951852e-07
-3.6145776e-10
6.4752404e-07
-3.5415133e-10
6.45591e-07
-3.4750699e-10
6.4371553e-07
-3.3825892e-10
6.4189724e-07
-3.4016274e-10
6.401702e-07
-3.035963e-10
6.38039e-07
-4.2417003e-10
-2.3786701e-10
7.7383999e-07
-9.4539778e-10
7.6678029e-07
-1.0604041e-09
7.6003665e-07
-1.0106811e-09
7.536374e-07
-1.0319239e-09
7.4757228e-07
-1.0357099e-09
7.4181499e-07
-1.0334708e-09
7.3633959e-07
-1.0329899e-09
7.3112469e-07
-1.032503e-09
7.2615207e-07
-1.0310663e-09
7.2140502e-07
-1.0286845e-09
7.1686811e-07
-1.0254066e-09
7.1252742e-07
-1.0212061e-09
7.083704e-07
-1.0160457e-09
7.0438566e-07
-1.0099375e-09
7.0056276e-07
-1.0029048e-09
6.9689212e-07
-9.9501335e-10
6.9336496e-07
-9.863009e-10
6.8997312e-07
-9.7683741e-10
6.8670913e-07
-9.6666269e-10
6.8356605e-07
-9.5584646e-10
6.805374e-07
-9.4445359e-10
6.7761724e-07
-9.3253609e-10
6.7479995e-07
-9.2017492e-10
6.720804e-07
-9.0738528e-10
6.6945369e-07
-8.9425835e-10
6.6691538e-07
-8.8078653e-10
6.6446119e-07
-8.6706682e-10
6.6208722e-07
-8.5309069e-10
6.5978978e-07
-8.3892862e-10
6.5756542e-07
-8.245818e-10
6.5541095e-07
-8.1008742e-10
6.5332331e-07
-7.954695e-10
6.5129976e-07
-7.8077735e-10
6.4933753e-07
-7.6583598e-10
6.4743428e-07
-7.517064e-10
6.4558732e-07
-7.3347612e-10
6.4379318e-07
-7.3426596e-10
6.4208872e-07
-6.6176226e-10
6.3999237e-07
-9.2443178e-10
-5.0025345e-10
7.7532092e-07
-2.9187709e-09
7.696189e-07
-2.9972735e-09
7.6417732e-07
-2.9138955e-09
7.5898555e-07
-2.8766914e-09
7.5404005e-07
-2.813867e-09
7.4932107e-07
-2.7426811e-09
7.4480706e-07
-2.6732438e-09
7.4048069e-07
-2.6043271e-09
7.3632742e-07
-2.5352296e-09
7.32334e-07
-2.466449e-09
7.2848833e-07
-2.3984009e-09
7.2477961e-07
-2.3311975e-09
7.2119823e-07
-2.2648579e-09
7.1773556e-07
-2.1994509e-09
7.1438391e-07
-2.1350522e-09
7.1113629e-07
-2.0717518e-09
7.0798645e-07
-2.0095949e-09
7.0492869e-07
-1.9486421e-09
7.0195789e-07
-1.8889214e-09
6.990694e-07
-1.8304732e-09
6.9625895e-07
-1.7733274e-09
6.935227e-07
-1.7174917e-09
6.9085707e-07
-1.6629958e-09
6.8825887e-07
-1.6098048e-09
6.8572504e-07
-1.5579436e-09
6.832529e-07
-1.5073486e-09
6.8083985e-07
-1.4580369e-09
6.7848358e-07
-1.4099415e-09
6.7618189e-07
-1.3630482e-09
6.7393277e-07
-1.3172983e-09
6.7173435e-07
-1.2726428e-09
6.6958487e-07
-1.2290566e-09
6.6748271e-07
-1.1864585e-09
6.654265e-07
-1.1448679e-09
6.6341391e-07
-1.1042055e-09
6.6144782e-07
-1.0636803e-09
6.5950846e-07
-1.033583e-09
6.5769159e-07
-9.5196783e-10
6.5541975e-07
-1.2969816e-09
-6.2535173e-10
7.7043843e-07
7.5982567e-07
7.495964e-07
7.3971637e-07
7.3021406e-07
7.2107907e-07
7.1228731e-07
7.0382024e-07
6.9566295e-07
6.8780099e-07
6.8022032e-07
6.7290792e-07
6.6585196e-07
6.5904141e-07
6.5246598e-07
6.4611594e-07
6.3998217e-07
6.3405604e-07
6.283294e-07
6.2279449e-07
6.1744395e-07
6.122708e-07
6.0726833e-07
6.0243025e-07
5.9775045e-07
5.9322322e-07
5.8884302e-07
5.8460466e-07
5.8050313e-07
5.7653369e-07
5.7269186e-07
5.6897327e-07
5.6537387e-07
5.6188966e-07
5.5851671e-07
5.552531e-07
5.5207843e-07
5.4909355e-07
5.4546636e-07
)
;

boundaryField
{
    inlet
    {
        type            calculated;
        value           nonuniform List<scalar> 
32
(
-7.8125001e-07
-7.8125001e-07
-7.8125001e-07
-7.8125001e-07
-7.8125001e-07
-7.8125001e-07
-7.8125001e-07
-7.8125001e-07
-7.8125001e-07
-7.8125001e-07
-7.8125001e-07
-7.8125001e-07
-7.8125001e-07
-7.8125001e-07
-7.8125001e-07
-7.8125001e-07
-7.8125001e-07
-7.8125001e-07
-7.8125001e-07
-7.8125001e-07
-7.8125001e-07
-7.8125001e-07
-7.8125001e-07
-7.8125001e-07
-7.8125001e-07
-7.8125001e-07
-7.8125001e-07
-7.8125001e-07
-7.8125001e-07
-7.8125001e-07
-7.8125001e-07
-7.8125001e-07
)
;
    }
    outlet
    {
        type            calculated;
        value           nonuniform List<scalar> 
32
(
5.4316281e-07
6.5391801e-07
6.3868402e-07
6.3671687e-07
6.3671692e-07
6.3868503e-07
6.5392355e-07
5.4315594e-07
8.4584997e-07
9.9678347e-07
9.6871541e-07
9.6607716e-07
9.660771e-07
9.6871538e-07
9.9678857e-07
8.4584297e-07
8.4585187e-07
9.9678511e-07
9.6871598e-07
9.6607763e-07
9.6607768e-07
9.6871584e-07
9.9679007e-07
8.4584503e-07
5.4317543e-07
6.5397571e-07
6.3873595e-07
6.3677729e-07
6.3677705e-07
6.3873581e-07
6.5397864e-07
5.4317058e-07
)
;
    }
    walls
    {
        type            calculated;
        value           uniform 0;
    }
}


// ************************************************************************* //
