/*--------------------------------*- C++ -*----------------------------------*\
  =========                 |
  \\      /  F ield         | OpenFOAM: The Open Source CFD Toolbox
   \\    /   O peration     | Website:  https://openfoam.org
    \\  /    A nd           | Version:  14
     \\/     M anipulation  |
\*---------------------------------------------------------------------------*/
FoamFile
{
    format      ascii;
    class       volVectorField;
    location    "50";
    object      U;
}
// * * * * * * * * * * * * * * * * * * * * * * * * * * * * * * * * * * * * * //

dimensions      [0 1 -1 0 0 0 0];

internalField   nonuniform List<vector> 
1280
(
(3.4707855 0.00092457356 0.001243858)
(3.425088 0.0015991765 0.0022623276)
(3.3822966 0.0018319208 0.0024773287)
(3.3375463 0.0019490073 0.0024108495)
(3.293182 0.0020056398 0.0022776596)
(3.2511193 0.00202623 0.0021430319)
(3.2111481 0.0020247783 0.0020200099)
(3.1726283 0.0020070615 0.0019077105)
(3.1353831 0.0019766274 0.0018036455)
(3.0994684 0.0019366277 0.0017063658)
(3.0648779 0.0018897123 0.0016151669)
(3.0315321 0.0018379249 0.0015295536)
(2.9993557 0.0017828146 0.0014490719)
(2.9682978 0.0017255774 0.0013733137)
(2.9383162 0.0016671489 0.001301929)
(2.9093673 0.0016082477 0.001234605)
(2.881408 0.0015494267 0.0011710603)
(2.854398 0.0014911049 0.0011110375)
(2.8282999 0.0014336051 0.0010543054)
(2.8030783 0.0013771661 0.0010006524)
(2.7786994 0.0013219621 0.00094988452)
(2.7551309 0.0012681175 0.0009018265)
(2.7323421 0.0012157116 0.00085631308)
(2.7103039 0.0011648003 0.00081319959)
(2.6889883 0.001115404 0.00077234515)
(2.6683687 0.0010675339 0.00073362751)
(2.6484199 0.0010211694 0.00069692332)
(2.6291175 0.00097628853 0.0006621266)
(2.6104388 0.00093284853 0.00062913402)
(2.5923615 0.00089080866 0.00059785439)
(2.5748647 0.00085011511 0.00056820014)
(2.5579288 0.0008107177 0.00054008923)
(2.5415328 0.00077254415 0.00051345203)
(2.5256649 0.00073558946 0.00048819316)
(2.5102859 0.0006996941 0.00046436948)
(2.4954476 0.00066435563 0.00044112278)
(2.4809351 0.00063606324 0.00042326198)
(2.4672079 0.00057305135 0.00038226478)
(2.4538817 0.00071798472 0.00046008221)
(2.4344201 0.00044427829 0.00032069428)
(3.4817853 0.0012966415 0.0012484523)
(3.4581157 0.0018233535 0.0022796267)
(3.4369751 0.0017915348 0.0025041739)
(3.4135087 0.0017342617 0.0024439053)
(3.3898959 0.0016702213 0.0023146291)
(3.3679466 0.0016083438 0.0021825058)
(3.3474486 0.0015564298 0.00206115)
(3.3277856 0.0015126751 0.0019500432)
(3.3087886 0.001474321 0.0018469205)
(3.2905132 0.0014398916 0.0017504467)
(3.2729571 0.0014084783 0.0016599692)
(3.2560512 0.001379329 0.0015750215)
(3.2397312 0.0013518272 0.0014951668)
(3.2239565 0.0013255129 0.0014200044)
(3.2086959 0.0013000658 0.0013491823)
(3.1939176 0.0012752445 0.0012823817)
(3.179591 0.0012508828 0.0012193123)
(3.1656889 0.0012268591 0.0011597078)
(3.1521872 0.0012031046 0.0011033273)
(3.1390643 0.0011795676 0.0010499508)
(3.1263001 0.0011562151 0.00099937682)
(3.1138765 0.0011330307 0.00095142291)
(3.1017768 0.0011099972 0.00090591836)
(3.0899857 0.0010871279 0.00086271181)
(3.0784891 0.0010644132 0.00082165833)
(3.067274 0.001041878 0.00078262973)
(3.0563285 0.0010195069 0.00074549918)
(3.0456415 0.00099731955 0.000710155)
(3.0352025 0.00097530466 0.00067648881)
(3.0250018 0.00095347658 0.0006444035)
(3.0150304 0.00093183121 0.00061380372)
(3.0052802 0.00091036582 0.00058460141)
(2.9957416 0.0008890991 0.00055671344)
(2.9864125 0.00086794352 0.00053004489)
(2.9772696 0.00084733377 0.00050463325)
(2.9683542 0.00082475789 0.00047943432)
(2.9595297 0.00081445636 0.00046131844)
(2.9511162 0.00074899874 0.00040576362)
(2.9428859 0.00097196823 0.00054851048)
(2.9306052 0.00061166965 0.00032135667)
(3.4785042 0.00052396457 0.001244977)
(3.4483126 0.00037201745 0.0022636501)
(3.4212114 0.00015391032 0.0024737543)
(3.3921605 8.3427116e-05 0.0024010421)
(3.3633296 5.2537665e-05 0.0022627355)
(3.3365451 3.2130794e-05 0.0021249028)
(3.3115734 2.0930311e-05 0.0020005179)
(3.2877714 1.6300455e-05 0.0018883604)
(3.2649516 1.6149298e-05 0.0017855862)
(3.2431551 1.9350503e-05 0.0016904303)
(3.2223652 2.5018955e-05 0.0016019297)
(3.2024981 3.2369075e-05 0.0015193949)
(3.1834757 4.0778355e-05 0.001442229)
(3.1652446 4.9781915e-05 0.0013699179)
(3.1477614 5.9046619e-05 0.0013020296)
(3.1309825 6.8306753e-05 0.0012381897)
(3.1148657 7.7381063e-05 0.0011780691)
(3.0993725 8.6130607e-05 0.0011213745)
(3.0844683 9.4478083e-05 0.001067847)
(3.0701207 0.00010235817 0.0010172545)
(3.0562999 0.0001097282 0.00096938819)
(3.0429778 0.00011656863 0.00092406122)
(3.0301285 0.00012285818 0.00088110089)
(3.0177278 0.00012862374 0.00084035511)
(3.0057531 0.00013385687 0.00080167957)
(2.9941834 0.00013860763 0.00076494738)
(2.982999 0.0001428644 0.000730034)
(2.9721814 0.00014667871 0.00069683056)
(2.9617135 0.00015005247 0.00066523206)
(2.951579 0.00015303349 0.0006351452)
(2.9417628 0.00015564084 0.0006064789)
(2.9322512 0.00015789323 0.00057914944)
(2.9230289 0.00015986858 0.00055308003)
(2.9140894 0.00016139103 0.00052817485)
(2.9054016 0.00016329414 0.00050449901)
(2.897016 0.00016228171 0.00048096343)
(2.8887336 0.00017187512 0.00046441273)
(2.8811002 0.0001433671 0.00041129352)
(2.8730553 0.00028219047 0.0005540951)
(2.8622965 7.881679e-05 0.00032703961)
(3.4784801 0.00015228922 0.0012445604)
(3.4482097 0.00015677026 0.0022662319)
(3.4210238 0.00021608329 0.0024826331)
(3.3918112 0.00033416498 0.0024168894)
(3.3627506 0.0004389073 0.0022841474)
(3.3356952 0.00051610543 0.002149814)
(3.3104271 0.00057035269 0.0020270461)
(3.2863125 0.00060654642 0.0019150637)
(3.2631709 0.00062885485 0.0018114535)
(3.2410484 0.00064069128 0.0017147944)
(3.219932 0.00064465089 0.0016243762)
(3.1997404 0.00064269103 0.0015396888)
(3.1803972 0.00063631842 0.0014602603)
(3.1618504 0.00062669166 0.0013856629)
(3.1440574 0.00061471425 0.0013155233)
(3.1269753 0.00060105892 0.0012495056)
(3.1105625 0.00058625951 0.001187305)
(3.0947808 0.00057071152 0.0011286422)
(3.0795957 0.00055473895 0.0010732652)
(3.0649753 0.00053856919 0.0010209442)
(3.0508897 0.0005223731 0.00097146932)
(3.037311 0.00050628409 0.0009246505)
(3.0242135 0.00049038201 0.00088031055)
(3.011573 0.00047476494 0.00083829145)
(2.999367 0.00045945666 0.00079844282)
(2.9875746 0.00044452958 0.00076063105)
(2.976176 0.00042996381 0.00072472555)
(2.965153 0.00041580434 0.0006906109)
(2.9544884 0.00040202513 0.00065817616)
(2.9441662 0.0003886504 0.00062732176)
(2.934171 0.00037566137 0.00059795112)
(2.9244895 0.00036304833 0.00056997474)
(2.9151063 0.00035081955 0.00054331048)
(2.9060154 0.00033888977 0.00051785824)
(2.8971845 0.00032751727 0.00049367534)
(2.8886694 0.0003155215 0.00046967446)
(2.880254 0.00030761269 0.00045270022)
(2.8725344 0.0002873961 0.00039931805)
(2.8643446 0.00031986558 0.00053930989)
(2.8534602 0.00024290286 0.0003164879)
(3.4784801 -0.00015228835 0.0012445604)
(3.4482097 -0.00015676776 0.0022662319)
(3.4210238 -0.00021608163 0.0024826332)
(3.3918112 -0.00033416352 0.0024168895)
(3.3627506 -0.00043890659 0.0022841474)
(3.3356952 -0.00051610717 0.0021498141)
(3.3104271 -0.00057035928 0.0020270464)
(3.2863125 -0.00060655225 0.0019150641)
(3.2631709 -0.00062886052 0.0018114539)
(3.2410484 -0.00064070059 0.0017147949)
(3.219932 -0.00064466733 0.0016243769)
(3.1997403 -0.00064271587 0.0015396898)
(3.1803971 -0.00063634475 0.0014602616)
(3.1618503 -0.00062672171 0.0013856643)
(3.1440573 -0.00061473444 0.0013155248)
(3.1269752 -0.00060108445 0.0012495072)
(3.1105624 -0.00058628905 0.001187307)
(3.0947806 -0.00057075937 0.0011286446)
(3.0795955 -0.00055478552 0.0010732679)
(3.0649751 -0.00053860708 0.0010209468)
(3.0508894 -0.00052240426 0.00097147172)
(3.0373108 -0.00050630557 0.00092465258)
(3.0242132 -0.00049042626 0.0008803125)
(3.0115727 -0.00047480785 0.0008382931)
(2.9993667 -0.0004595286 0.0007984441)
(2.9875742 -0.00044458124 0.00076063151)
(2.9761757 -0.00043003041 0.00072472518)
(2.9651527 -0.00041585119 0.00069060946)
(2.9544881 -0.0004020782 0.00065817376)
(2.9441658 -0.00038868133 0.00062731816)
(2.9341707 -0.00037566792 0.00059794654)
(2.9244892 -0.00036302269 0.00056996902)
(2.9151061 -0.00035074036 0.00054330378)
(2.9060153 -0.00033875359 0.00051785028)
(2.8971844 -0.00032732827 0.00049366642)
(2.8886694 -0.00031526402 0.00046966536)
(2.8802541 -0.00030740026 0.00045268873)
(2.8725346 -0.00028702605 0.00039930947)
(2.8643444 -0.00031905014 0.00053933065)
(2.8534603 -0.00024394577 0.00031645802)
(3.4785042 -0.00052396375 0.001244977)
(3.4483126 -0.0003720151 0.0022636501)
(3.4212114 -0.00015390848 0.0024737543)
(3.3921605 -8.3424985e-05 0.0024010421)
(3.3633296 -5.2536103e-05 0.0022627356)
(3.3365451 -3.2130641e-05 0.002124903)
(3.3115734 -2.0933733e-05 0.0020005183)
(3.2877714 -1.6303527e-05 0.0018883609)
(3.2649516 -1.6152164e-05 0.0017855869)
(3.2431551 -1.9354994e-05 0.0016904312)
(3.2223651 -2.5028123e-05 0.0016019311)
(3.202498 -3.2385648e-05 0.0015193971)
(3.1834756 -4.0796424e-05 0.0014422319)
(3.1652446 -4.9802208e-05 0.0013699213)
(3.1477613 -5.9054975e-05 0.0013020333)
(3.1309824 -6.8316388e-05 0.0012381939)
(3.1148655 -7.7390897e-05 0.0011780744)
(3.0993724 -8.6154593e-05 0.0011213811)
(3.084468 -9.4498857e-05 0.0010678543)
(3.0701205 -0.0001023685 0.0010172618)
(3.0562996 -0.00010972919 0.00096939517)
(3.0429775 -0.00011655744 0.00092406766)
(3.0301282 -0.0001228655 0.00088110736)
(3.0177275 -0.00012862953 0.00084036131)
(3.0057528 -0.00013389043 0.00080168539)
(2.9941831 -0.0001386253 0.00076495167)
(2.9829987 -0.00014289785 0.00073003677)
(2.9721812 -0.00014669715 0.00069683108)
(2.9617134 -0.00015007743 0.00066523042)
(2.9515791 -0.00015303962 0.00063514042)
(2.9417632 -0.00015562312 0.00060647112)
(2.9322517 -0.00015784749 0.00057913757)
(2.9230297 -0.00015977431 0.00055306386)
(2.9140905 -0.00016125088 0.00052815285)
(2.9054031 -0.00016311067 0.00050447154)
(2.8970179 -0.00016204826 0.0004809311)
(2.888736 -0.0001716966 0.00046437352)
(2.8811032 -0.00014305471 0.00041124937)
(2.8730576 -0.00028145416 0.00055409816)
(2.8623007 -7.9603233e-05 0.0003269824)
(3.4817853 -0.0012966411 0.0012484523)
(3.4581157 -0.0018233521 0.0022796268)
(3.4369751 -0.0017915342 0.002504174)
(3.4135087 -0.0017342614 0.0024439054)
(3.3898959 -0.0016702224 0.0023146293)
(3.3679466 -0.0016083469 0.0021825062)
(3.3474487 -0.0015564369 0.0020611508)
(3.3277857 -0.0015126843 0.0019500443)
(3.3087888 -0.0014743328 0.0018469218)
(3.2905134 -0.0014399067 0.0017504483)
(3.2729574 -0.0014084991 0.0016599716)
(3.2560516 -0.0013793593 0.0015750251)
(3.2397317 -0.0013518644 0.0014951714)
(3.2239571 -0.0013255588 0.0014200098)
(3.2086966 -0.0013001094 0.001349188)
(3.1939185 -0.0012752961 0.0012823881)
(3.1795922 -0.001250942 0.0012193203)
(3.1656904 -0.0012269392 0.0011597175)
(3.1521891 -0.0012031949 0.001103338)
(3.1390666 -0.0011796637 0.0010499613)
(3.1263029 -0.0011563171 0.00099938645)
(3.1138799 -0.0011331342 0.00095143111)
(3.1017807 -0.0011101247 0.00090592572)
(3.0899903 -0.0010872635 0.00086271768)
(3.0784945 -0.0010645802 0.00082166229)
(3.0672803 -0.0010420432 0.00078263003)
(3.0563357 -0.0010196924 0.00074549565)
(3.0456495 -0.00099750219 0.00071014673)
(3.0352116 -0.00097549783 0.0006764759)
(3.0250121 -0.00095366117 0.00064438478)
(3.0150419 -0.00093199382 0.00061377965)
(3.0052929 -0.00091050054 0.00058457085)
(2.9957556 -0.00088917712 0.00055667666)
(2.9864277 -0.00086796716 0.00053000023)
(2.977286 -0.00084729223 0.00050458231)
(2.9683718 -0.000824666 0.00047937791)
(2.9595487 -0.00081440355 0.00046125995)
(2.9511367 -0.00074884255 0.00040569347)
(2.9429086 -0.00097194161 0.00054842012)
(2.9306297 -0.00061209276 0.00032136386)
(3.4707855 -0.00092457352 0.001243858)
(3.425088 -0.0015991762 0.0022623277)
(3.3822966 -0.0018319212 0.0024773289)
(3.3375462 -0.0019490084 0.0024108498)
(3.2931819 -0.0020056424 0.0022776601)
(3.2511192 -0.0020262348 0.0021430327)
(3.211148 -0.0020247866 0.0020200111)
(3.1726281 -0.0020070731 0.0019077122)
(3.1353828 -0.0019766431 0.0018036475)
(3.0994681 -0.001936648 0.0017063686)
(3.0648774 -0.0018897388 0.001615171)
(3.0315314 -0.0018379604 0.0015295597)
(2.9993547 -0.0017828593 0.0014490797)
(2.9682964 -0.0017256339 0.0013733231)
(2.9383143 -0.0016672134 0.0013019393)
(2.909365 -0.0016083261 0.0012346171)
(2.8814051 -0.00154952 0.0011710752)
(2.8543943 -0.0014912213 0.0011110555)
(2.8282953 -0.0014337421 0.0010543252)
(2.8030726 -0.0013773233 0.0010006725)
(2.7786926 -0.00132214 0.00094990415)
(2.7551228 -0.0012683135 0.00090184516)
(2.7323327 -0.0012159353 0.00085633184)
(2.7102931 -0.001165044 0.00081321754)
(2.688976 -0.0011156784 0.00077236196)
(2.6683549 -0.0010678232 0.00073364069)
(2.6484044 -0.0010214824 0.00069693307)
(2.6291005 -0.0009766143 0.00066213183)
(2.6104202 -0.00093319237 0.00062913521)
(2.5923414 -0.00089116156 0.00059785013)
(2.5748431 -0.00085046699 0.0005681908)
(2.557906 -0.00081106322 0.00054007353)
(2.5415089 -0.0007728635 0.0005134298)
(2.5256403 -0.00073588166 0.00048816283)
(2.5102608 -0.00069994858 0.00046433352)
(2.4954224 -0.00066458919 0.00044108446)
(2.4809095 -0.0006363269 0.00042322686)
(2.4671822 -0.00057328752 0.00038223381)
(2.4538544 -0.00071857925 0.00046005469)
(2.434389 -0.00044479269 0.00032074085)
(3.5068462 0.00092886896 0.0012446179)
(3.5306641 0.0016264475 0.0022819384)
(3.5544944 0.0018871773 0.0025343977)
(3.5735326 0.0020315818 0.0025149937)
(3.5900139 0.0021159132 0.0024301861)
(3.6058452 0.0021648809 0.002341359)
(3.6210027 0.0021922287 0.0022607201)
(3.6350709 0.0022036414 0.0021876585)
(3.6480347 0.002202553 0.0021200259)
(3.6600707 0.0021919095 0.0020565619)
(3.6712912 0.0021741336 0.0019966822)
(3.681737 0.0021510684 0.0019400097)
(3.6914434 0.002124096 0.0018862144)
(3.7004585 0.0020942718 0.0018350038)
(3.7088307 0.0020624134 0.0017861404)
(3.7166016 0.002029146 0.001739413)
(3.7238076 0.0019949498 0.0016946451)
(3.7304828 0.0019601906 0.0016516748)
(3.7366591 0.0019251525 0.0016103684)
(3.7423665 0.0018900504 0.0015706037)
(3.7476324 0.0018550465 0.0015322708)
(3.7524823 0.0018202626 0.0014952781)
(3.7569403 0.0017857847 0.0014595318)
(3.7610286 0.0017516793 0.001424968)
(3.7647682 0.0017179855 0.0013915079)
(3.768179 0.0016847337 0.0013591058)
(3.7712794 0.0016519304 0.0013276925)
(3.7740873 0.001619579 0.0012972289)
(3.7766193 0.0015876668 0.0012676636)
(3.7788914 0.0015561805 0.0012389632)
(3.7809188 0.001525096 0.0012110914)
(3.7827166 0.0014943895 0.0011840105)
(3.7842972 0.0014640208 0.0011576985)
(3.785679 0.0014339875 0.0011321017)
(3.7868595 0.0014042241 0.0011072867)
(3.7879002 0.0013741347 0.001082617)
(3.7886635 0.0013497097 0.0010616369)
(3.7895931 0.001293345 0.0010241318)
(3.7896263 0.001415718 0.0010682307)
(3.790677 0.001183123 0.00096085852)
(3.5178603 0.0012995357 0.0012478765)
(3.5638896 0.0018504676 0.0022919402)
(3.6097675 0.0018487834 0.002547795)
(3.6507129 0.0018171907 0.0025288697)
(3.6888155 0.0017774015 0.002442841)
(3.725895 0.0017390635 0.0023520287)
(3.7619327 0.0017095571 0.0022691836)
(3.796539 0.0016871746 0.0021940039)
(3.8297103 0.0016693386 0.0021245162)
(3.8616262 0.0016546529 0.0020595406)
(3.892404 0.0016422608 0.0019985178)
(3.9220927 0.0016314747 0.0019410734)
(3.9507351 0.0016217467 0.0018868687)
(3.9783852 0.0016126759 0.0018355953)
(4.0050967 0.0016039876 0.0017869922)
(4.0309162 0.0015954784 0.0017408224)
(4.0558854 0.0015870104 0.001696881)
(4.080043 0.0015784836 0.0016549787)
(4.1034257 0.0015698424 0.001614954)
(4.1260679 0.0015610455 0.0015766587)
(4.1480015 0.0015520676 0.0015399589)
(4.1692562 0.0015428966 0.0015047392)
(4.1898601 0.0015335202 0.0014708855)
(4.2098393 0.0015239484 0.0014383115)
(4.2292185 0.0015141745 0.0014069205)
(4.2480209 0.0015042169 0.0013766463)
(4.2662682 0.0014940645 0.0013474037)
(4.2839809 0.001483731 0.0013191353)
(4.3011782 0.0014732076 0.0012917739)
(4.3178781 0.0014625026 0.0012652691)
(4.3340976 0.0014516115 0.0012395677)
(4.3498527 0.001440528 0.0012146168)
(4.365157 0.0014292643 0.0011903745)
(4.3800279 0.0014177426 0.0011667756)
(4.3944671 0.0014063105 0.0011438722)
(4.4085198 0.0013929723 0.0011208658)
(4.4220942 0.001388837 0.0011027937)
(4.4355697 0.0013404571 0.001058261)
(4.4474657 0.0015183799 0.0011496848)
(4.4669482 0.0012464301 0.00098733062)
(3.5145805 0.00052406804 0.0012454628)
(3.553897 0.00038489018 0.0022800107)
(3.5933636 0.00017922852 0.0025237477)
(3.6280523 0.00011437179 0.0024938232)
(3.6600825 8.7336255e-05 0.0023993434)
(3.6913229 7.0329829e-05 0.0023026311)
(3.7217608 6.1807748e-05 0.0022159393)
(3.7510011 5.9219801e-05 0.0021384091)
(3.7790369 6.0620589e-05 0.0020676116)
(3.8060451 6.4974617e-05 0.0020020366)
(3.8321377 7.1487575e-05 0.0019408943)
(3.8573572 7.9470768e-05 0.0018836501)
(3.8817393 8.8388276e-05 0.0018298538)
(3.9053313 9.7846233e-05 0.001779121)
(3.9281803 0.00010756706 0.0017311399)
(3.9503265 0.00011733236 0.0016856399)
(3.971805 0.00012699524 0.0016423942)
(3.9926482 0.000136443 0.0016011993)
(4.0128869 0.00014561343 0.0015618847)
(4.0325494 0.00015445377 0.0015242971)
(4.0516621 0.00016293018 0.0014883005)
(4.0702493 0.00017102615 0.0014537788)
(4.0883336 0.00017872415 0.0014206188)
(4.1059365 0.00018604239 0.0013887346)
(4.1230777 0.00019297241 0.0013580313)
(4.1397759 0.0001995493 0.0013284439)
(4.1560487 0.00020576312 0.0012998896)
(4.1719125 0.00021164975 0.0012723127)
(4.1873827 0.0002172098 0.0012456489)
(4.2024739 0.00022247536 0.00121985)
(4.2171998 0.00022746096 0.0011948656)
(4.2315735 0.00023217663 0.0011706456)
(4.2456057 0.00023668202 0.0011471519)
(4.259312 0.00024084189 0.0011243191)
(4.2726891 0.00024527061 0.0011022152)
(4.2857919 0.00024760238 0.0010800205)
(4.2984788 0.00025727529 0.0010627393)
(4.3113083 0.00024127184 0.0010196183)
(4.3222246 0.0003354298 0.0011114334)
(4.3411418 0.00020707174 0.00094822241)
(3.5145527 0.00015239264 0.0012448393)
(3.553819 0.00016156656 0.0022811799)
(3.5933003 0.00022450874 0.0025296859)
(3.6280005 0.00034381559 0.0025054154)
(3.6600244 0.00045037299 0.0024156237)
(3.6912406 0.00053085115 0.0023219904)
(3.7216311 0.00058973166 0.0022368845)
(3.7507962 0.00063178104 0.0021597973)
(3.7787266 0.00066099972 0.002088645)
(3.8055986 0.00068059946 0.0020221901)
(3.831525 0.0006929807 0.0019598397)
(3.8565494 0.00069992324 0.0019011957)
(3.8807095 0.00070277383 0.001845901)
(3.9040544 0.00070255201 0.0017936342)
(3.9266332 0.00070004205 0.0017441253)
(3.9484881 0.00069582178 0.0016971316)
(3.969656 0.0006903453 0.0016524434)
(3.9901713 0.00068394594 0.0016098665)
(4.0100664 0.00067689536 0.0015692349)
(4.0293713 0.00066938466 0.0015303969)
(4.0481136 0.00066155926 0.0014932164)
(4.0663193 0.00065353299 0.0014575754)
(4.0840121 0.00064537763 0.0014233586)
(4.1012147 0.00063717682 0.0013904763)
(4.1179479 0.00062895748 0.0013588304)
(4.1342314 0.000620782 0.0013283512)
(4.1500837 0.00061264465 0.0012989535)
(4.1655221 0.00060458592 0.0012705773)
(4.1805628 0.00059659509 0.0012431556)
(4.1952212 0.00058869494 0.0012166364)
(4.2095116 0.00058088044 0.0011909666)
(4.2234479 0.00057314763 0.0011660929)
(4.2370415 0.00056551129 0.0011419743)
(4.2503087 0.00055790969 0.0011185432)
(4.263246 0.00055054061 0.0010958635)
(4.2759121 0.00054255508 0.0010731173)
(4.2881562 0.00053729319 0.0010553095)
(4.3005611 0.00052336 0.0010117942)
(4.3110475 0.00054433022 0.0011014459)
(4.3293056 0.00049367134 0.00094056736)
(3.5145527 -0.00015239175 0.0012448393)
(3.553819 -0.00016156406 0.0022811799)
(3.5933003 -0.00022450719 0.0025296859)
(3.6280005 -0.00034381433 0.0025054154)
(3.6600244 -0.00045037257 0.0024156237)
(3.6912406 -0.00053085289 0.0023219905)
(3.7216311 -0.00058973767 0.0022368848)
(3.7507962 -0.00063178651 0.0021597975)
(3.7787266 -0.00066100529 0.0020886452)
(3.8055986 -0.00068060807 0.0020221903)
(3.831525 -0.00069299498 0.0019598402)
(3.8565494 -0.00069994434 0.0019011965)
(3.8807095 -0.00070279601 0.001845902)
(3.9040544 -0.00070257768 0.0017936352)
(3.9266333 -0.00070006011 0.0017441261)
(3.9484881 -0.00069584474 0.0016971326)
(3.969656 -0.00069037095 0.0016524449)
(3.9901713 -0.00068398627 0.0016098688)
(4.0100664 -0.00067693551 0.0015692376)
(4.0293713 -0.00066942033 0.0015303995)
(4.0481137 -0.00066159206 0.0014932188)
(4.0663194 -0.00065356071 0.0014575777)
(4.0840122 -0.00064542414 0.0014233612)
(4.1012148 -0.00063722388 0.0013904792)
(4.117948 -0.00062902817 0.0013588338)
(4.1342315 -0.0006208407 0.0013283544)
(4.1500838 -0.00061271695 0.0012989568)
(4.1655221 -0.00060464692 0.0012705804)
(4.1805629 -0.00059666232 0.0012431588)
(4.1952213 -0.00058874991 0.0012166395)
(4.2095116 -0.00058091901 0.0011909699)
(4.2234479 -0.00057316709 0.0011660963)
(4.2370415 -0.00056549297 0.0011419781)
(4.2503087 -0.00055785514 0.0011185471)
(4.2632459 -0.00055044717 0.0010958681)
(4.275912 -0.00054241524 0.0010731235)
(4.2881561 -0.00053717732 0.0010553179)
(4.3005609 -0.0005231408 0.0010117975)
(4.3110473 -0.00054376615 0.0011015164)
(4.3293052 -0.00049436956 0.00094057681)
(3.5145805 -0.0005240672 0.0012454628)
(3.553897 -0.00038488781 0.0022800107)
(3.5933636 -0.00017922678 0.0025237477)
(3.6280523 -0.00011436989 0.0024938232)
(3.6600825 -8.7334968e-05 0.0023993434)
(3.6913229 -7.0329759e-05 0.0023026313)
(3.7217608 -6.1810787e-05 0.0022159397)
(3.7510011 -5.9222561e-05 0.0021384094)
(3.779037 -6.0623306e-05 0.0020676117)
(3.8060451 -6.4978627e-05 0.0020020367)
(3.8321378 -7.1495155e-05 0.001940895)
(3.8573572 -7.9484229e-05 0.0018836515)
(3.8817393 -8.8402672e-05 0.0018298557)
(3.9053314 -9.7862701e-05 0.0017791231)
(3.9281804 -0.00010757404 0.0017311414)
(3.9503267 -0.00011734074 0.0016856417)
(3.9718051 -0.00012700309 0.0016423974)
(3.9926484 -0.0001364619 0.0016012045)
(4.0128871 -0.00014563013 0.0015618909)
(4.0325497 -0.00015446396 0.001524303)
(4.0516625 -0.00016293483 0.0014883056)
(4.0702497 -0.00017102316 0.001453783)
(4.0883341 -0.00017873621 0.0014206235)
(4.105937 -0.00018605426 0.0013887395)
(4.1230783 -0.00019300647 0.0013580368)
(4.1397766 -0.00019957393 0.0013284476)
(4.1560495 -0.00020580153 0.001299892)
(4.1719133 -0.00021167981 0.0012723123)
(4.1873836 -0.00021724619 0.0012456462)
(4.2024749 -0.00022250156 0.0012198433)
(4.2172008 -0.00022747124 0.001194855)
(4.2315746 -0.00023217052 0.0011706298)
(4.2456068 -0.0002366418 0.0011471307)
(4.2593131 -0.00024077286 0.0011242905)
(4.2726902 -0.0002451694 0.0011021808)
(4.2857929 -0.00024746763 0.0010799804)
(4.2984796 -0.0002571694 0.0010626946)
(4.311309 -0.00024108272 0.0010195704)
(4.3222248 -0.00033495594 0.0011113919)
(4.3411414 -0.00020754978 0.00094820743)
(3.5178603 -0.0012995352 0.0012478766)
(3.5638896 -0.0018504661 0.0022919403)
(3.6097675 -0.0018487829 0.0025477951)
(3.6507129 -0.0018171904 0.0025288697)
(3.6888155 -0.0017774027 0.002442841)
(3.7258951 -0.0017390665 0.002352029)
(3.7619328 -0.0017095636 0.0022691844)
(3.7965391 -0.0016871831 0.0021940047)
(3.8297105 -0.0016693496 0.0021245167)
(3.8616265 -0.0016546668 0.0020595411)
(3.8924044 -0.0016422794 0.0019985189)
(3.9220932 -0.0016315012 0.0019410758)
(3.9507358 -0.0016217789 0.0018868721)
(3.9783861 -0.0016127158 0.0018355991)
(4.0050978 -0.0016040263 0.0017869951)
(4.0309176 -0.0015955245 0.0017408255)
(4.0558871 -0.0015870629 0.001696886)
(4.0800451 -0.0015785535 0.0016549866)
(4.1034283 -0.0015699219 0.0016149634)
(4.1260711 -0.0015611322 0.0015766674)
(4.1480053 -0.0015521622 0.0015399661)
(4.1692607 -0.0015429959 0.0015047443)
(4.1898652 -0.0015336411 0.0014708906)
(4.2098452 -0.0015240791 0.0014383158)
(4.2292253 -0.001514333 0.0014069247)
(4.2480285 -0.0015043792 0.0013766469)
(4.2662768 -0.0014942468 0.0013474016)
(4.2839904 -0.0014839168 0.0013191287)
(4.3011887 -0.001473406 0.0012917638)
(4.3178897 -0.0014627009 0.0012652533)
(4.3341102 -0.0014517987 0.0012395471)
(4.3498663 -0.0014407013 0.00121459)
(4.3651716 -0.001429401 0.0011903424)
(4.3800435 -0.0014178459 0.0011667363)
(4.3944836 -0.0014063686 0.001143829)
(4.4085372 -0.0013929958 0.0011208204)
(4.4221125 -0.0013888795 0.0011027547)
(4.4355889 -0.001340427 0.0010581952)
(4.447486 -0.0015184411 0.0011496644)
(4.4669708 -0.0012467456 0.00098738074)
(3.5068462 -0.00092886892 0.0012446179)
(3.5306641 -0.0016264472 0.0022819385)
(3.5544944 -0.0018871776 0.0025343979)
(3.5735326 -0.0020315827 0.0025149938)
(3.5900139 -0.0021159158 0.0024301863)
(3.6058452 -0.0021648855 0.0023413595)
(3.6210026 -0.0021922366 0.0022607212)
(3.6350708 -0.0022036524 0.0021876597)
(3.6480345 -0.0022025679 0.0021200269)
(3.6600705 -0.0021919287 0.0020565632)
(3.6712909 -0.0021741583 0.0019966845)
(3.6817366 -0.002151101 0.0019400142)
(3.6914428 -0.0021241368 0.0018862206)
(3.7004577 -0.0020943231 0.0018350113)
(3.7088297 -0.0020624724 0.0017861477)
(3.7166002 -0.0020292176 0.0017394217)
(3.7238058 -0.0019950347 0.0016946572)
(3.7304805 -0.0019602956 0.0016516919)
(3.7366562 -0.0019252764 0.0016103887)
(3.7423629 -0.0018901936 0.0015706246)
(3.7476279 -0.0018552099 0.0015322915)
(3.7524769 -0.0018204446 0.001495298)
(3.7569338 -0.0017859928 0.0014595542)
(3.7610209 -0.001751908 0.0014249918)
(3.7647593 -0.0017182431 0.0013915345)
(3.7681686 -0.0016850092 0.0013591307)
(3.7712676 -0.0016522303 0.0013277173)
(3.7740738 -0.0016198956 0.0012972513)
(3.7766041 -0.0015880036 0.001267685)
(3.7788745 -0.0015565318 0.0012389805)
(3.7809002 -0.0015254542 0.0012111049)
(3.7826962 -0.0014947518 0.0011840183)
(3.7842751 -0.0014643725 0.0011577002)
(3.7856554 -0.0014343287 0.0011320951)
(3.7868346 -0.0014045457 0.0011072755)
(3.7878741 -0.0013744479 0.0010826078)
(3.7886363 -0.0013500458 0.0010616405)
(3.7895652 -0.0012936645 0.0010241216)
(3.7895963 -0.0014162639 0.0010683591)
(3.7906454 -0.0011836574 0.00096094257)
(3.5068462 0.00092886896 -0.0012446173)
(3.5306642 0.0016264475 -0.0022819368)
(3.5544944 0.0018871773 -0.0025343966)
(3.5735327 0.0020315818 -0.002514993)
(3.590014 0.0021159133 -0.002430187)
(3.6058453 0.0021648809 -0.0023413611)
(3.6210028 0.0021922288 -0.0022607257)
(3.6350711 0.0022036416 -0.0021876669)
(3.648035 0.0022025533 -0.0021200382)
(3.6600711 0.0021919098 -0.0020565788)
(3.6712917 0.0021741338 -0.0019967041)
(3.6817376 0.0021510689 -0.0019400407)
(3.6914442 0.0021240967 -0.0018862535)
(3.7004595 0.0020942727 -0.001835056)
(3.7088319 0.0020624145 -0.001786197)
(3.7166031 0.0020291475 -0.0017394832)
(3.7238094 0.0019949518 -0.0016947272)
(3.7304849 0.0019601934 -0.0016517804)
(3.7366617 0.0019251563 -0.0016104929)
(3.7423694 0.0018900553 -0.0015707448)
(3.7476357 0.0018550526 -0.0015324293)
(3.752486 0.0018202699 -0.0014954436)
(3.7569441 0.0017857934 -0.0014597176)
(3.7610326 0.0017516895 -0.0014251522)
(3.7647723 0.0017179972 -0.0013917029)
(3.7681831 0.0016847469 -0.0013592758)
(3.7712834 0.0016519449 -0.0013278435)
(3.774091 0.0016195948 -0.0012973316)
(3.7766227 0.0015876838 -0.0012677106)
(3.7788945 0.0015561989 -0.0012389253)
(3.7809215 0.0015251158 -0.0012109331)
(3.7827189 0.0014944109 -0.0011837096)
(3.7842992 0.001464044 -0.0011572062)
(3.7856807 0.001434013 -0.0011314055)
(3.7868612 0.0014042526 -0.0011063609)
(3.7879021 0.0013741687 -0.0010814996)
(3.7886659 0.0013497529 -0.0010603702)
(3.7895968 0.0012933981 -0.0010227185)
(3.7896297 0.0014158737 -0.0010665597)
(3.7906855 0.0011831039 -0.00095914888)
(3.5178603 0.0012995357 -0.001247876)
(3.5638896 0.0018504676 -0.0022919387)
(3.6097675 0.0018487834 -0.0025477941)
(3.650713 0.0018171907 -0.002528869)
(3.6888155 0.0017774016 -0.0024428415)
(3.7258951 0.0017390635 -0.0023520306)
(3.7619328 0.0017095571 -0.0022691887)
(3.7965392 0.0016871748 -0.0021940108)
(3.8297106 0.0016693387 -0.0021245264)
(3.8616265 0.0016546528 -0.002059555)
(3.8924045 0.0016422607 -0.001998536)
(3.9220933 0.0016314748 -0.0019410979)
(3.9507358 0.001621747 -0.0018868979)
(3.9783861 0.0016126762 -0.0018356333)
(4.0050977 0.0016039877 -0.00178703)
(4.0309175 0.0015954785 -0.001740866)
(4.0558868 0.0015870108 -0.001696926)
(4.0800447 0.0015784847 -0.0016550327)
(4.1034277 0.0015698441 -0.0016150101)
(4.1260702 0.0015610478 -0.0015767124)
(4.1480039 0.0015520707 -0.0015400081)
(4.1692589 0.0015429004 -0.0015047721)
(4.1898628 0.0015335252 -0.0014709108)
(4.2098421 0.0015239546 -0.0014383072)
(4.2292212 0.0015141823 -0.0014068948)
(4.2480235 0.001504226 -0.001376565)
(4.2662706 0.0014940749 -0.0013472693)
(4.283983 0.0014837425 -0.0013189183)
(4.3011799 0.0014732202 -0.0012914631)
(4.3178795 0.0014625161 -0.0012648331)
(4.3340985 0.0014516255 -0.0012389685)
(4.3498531 0.0014405422 -0.0012138262)
(4.365157 0.0014292784 -0.0011893405)
(4.3800276 0.0014177562 -0.0011654755)
(4.3944666 0.0014063235 -0.001142271)
(4.4085196 0.0013929868 -0.0011189758)
(4.4220944 0.0013888545 -0.0011006152)
(4.4355711 0.0013405001 -0.0010557678)
(4.4474688 0.0015184848 -0.0011463855)
(4.4669555 0.0012462961 -0.00098465972)
(3.5145805 0.00052406803 -0.0012454622)
(3.553897 0.00038489016 -0.0022800091)
(3.5933636 0.00017922851 -0.0025237467)
(3.6280523 0.00011437176 -0.0024938226)
(3.6600826 8.7336249e-05 -0.0023993438)
(3.691323 7.0329747e-05 -0.0023026332)
(3.7217609 6.1807705e-05 -0.0022159443)
(3.7510013 5.9219845e-05 -0.0021384152)
(3.7790372 6.0620495e-05 -0.0020676213)
(3.8060454 6.497427e-05 -0.0020020513)
(3.8321382 7.1487176e-05 -0.0019409128)
(3.8573577 7.9470521e-05 -0.0018836736)
(3.8817399 8.838804e-05 -0.0018298812)
(3.9053321 9.7845776e-05 -0.0017791572)
(3.9281813 0.00010756612 -0.0017311763)
(3.9503277 0.00011733113 -0.0016856821)
(3.9718063 0.00012699394 -0.0016424364)
(3.9926498 0.00013644185 -0.001601248)
(4.0128886 0.00014561227 -0.0015619325)
(4.0325514 0.00015445238 -0.0015243396)
(4.0516642 0.00016292853 -0.001488335)
(4.0702514 0.0001710242 -0.0014537924)
(4.0883357 0.00017872241 -0.0014206181)
(4.1059384 0.00018604087 -0.0013886963)
(4.1230794 0.00019297151 -0.0013579622)
(4.1397773 0.00019954864 -0.0013283101)
(4.1560497 0.00020576291 -0.0012996935)
(4.171913 0.00021164966 -0.0012720269)
(4.1873826 0.00021720987 -0.001245264)
(4.2024733 0.00022247518 -0.0012193385)
(4.2171985 0.00022746028 -0.0011941941)
(4.2315715 0.00023217506 -0.0011697919)
(4.2456032 0.00023667905 -0.001146071)
(4.259309 0.00024083694 -0.001122997)
(4.2726858 0.00024526332 -0.0011006258)
(4.2857887 0.00024759305 -0.0010781806)
(4.2984759 0.00025726413 -0.0010606644)
(4.3113063 0.00024128685 -0.0010171425)
(4.3222234 0.00033542569 -0.0011082269)
(4.3411443 0.00020692126 -0.00094650112)
(3.5145527 0.00015239264 -0.0012448388)
(3.553819 0.00016156655 -0.0022811784)
(3.5933003 0.00022450873 -0.0025296849)
(3.6280006 0.00034381556 -0.0025054148)
(3.6600245 0.00045037296 -0.002415624)
(3.6912407 0.00053085112 -0.0023219924)
(3.7216313 0.00058973168 -0.0022368891)
(3.7507964 0.00063178104 -0.0021598026)
(3.7787269 0.00066099961 -0.002088654)
(3.8055989 0.00068059926 -0.0020222043)
(3.8315254 0.00069298052 -0.0019598571)
(3.8565499 0.00069992316 -0.0019012168)
(3.8807101 0.00070277374 -0.0018459247)
(3.9040551 0.00070255183 -0.0017936656)
(3.9266341 0.00070004159 -0.0017441564)
(3.9484891 0.00069582127 -0.0016971665)
(3.9696571 0.00069034496 -0.0016524747)
(3.9901726 0.00068394599 -0.001609899)
(4.0100678 0.00067689566 -0.0015692609)
(4.0293728 0.00066938498 -0.0015304119)
(4.0481152 0.00066155963 -0.0014932167)
(4.0663208 0.00065353338 -0.0014575475)
(4.0840135 0.0006453786 -0.0014233063)
(4.1012158 0.00063717832 -0.0013903754)
(4.1179486 0.00062895989 -0.0013586858)
(4.1342317 0.00062078487 -0.00132813)
(4.1500834 0.00061264831 -0.0012986566)
(4.1655211 0.0006045901 -0.0012701777)
(4.1805612 0.00059660012 -0.0012426424)
(4.1952188 0.00058870058 -0.0012159821)
(4.2095085 0.00058088696 -0.0011901365)
(4.2234441 0.00057315501 -0.0011650641)
(4.2370371 0.00056551976 -0.0011407007)
(4.2503039 0.00055791927 -0.0011170097)
(4.2632409 0.00055055184 -0.0010940414)
(4.2759071 0.00054256847 -0.0010710206)
(4.2881517 0.00053731176 -0.0010529402)
(4.3005576 0.00052338365 -0.0010089429)
(4.3110452 0.00054438555 -0.0010977763)
(4.3293076 0.00049365939 -0.00093875984)
(3.5145527 -0.00015239175 -0.0012448388)
(3.553819 -0.00016156406 -0.0022811784)
(3.5933003 -0.00022450719 -0.0025296849)
(3.6280006 -0.00034381435 -0.0025054149)
(3.6600245 -0.00045037262 -0.002415624)
(3.6912407 -0.00053085289 -0.0023219923)
(3.7216313 -0.00058973764 -0.0022368889)
(3.7507964 -0.00063178663 -0.0021598025)
(3.7787269 -0.00066100552 -0.002088654)
(3.8055989 -0.00068060831 -0.0020222043)
(3.8315254 -0.00069299523 -0.0019598568)
(3.8565499 -0.00069994463 -0.0019012163)
(3.8807101 -0.0007027964 -0.0018459242)
(3.9040551 -0.00070257819 -0.0017936651)
(3.9266341 -0.00070006087 -0.0017441563)
(3.9484891 -0.00069584561 -0.0016971665)
(3.9696571 -0.00069037177 -0.0016524745)
(3.9901726 -0.00068398691 -0.0016098982)
(4.0100678 -0.00067693615 -0.00156926)
(4.0293727 -0.00066942126 -0.0015304114)
(4.0481151 -0.00066159335 -0.0014932169)
(4.0663207 -0.0006535625 -0.0014575486)
(4.0840134 -0.00064542607 -0.0014233075)
(4.1012157 -0.00063722612 -0.0013903772)
(4.1179486 -0.0006290306 -0.0013586873)
(4.1342317 -0.00062084389 -0.0013281326)
(4.1500834 -0.00061272076 -0.0012986596)
(4.1655211 -0.00060465176 -0.0012701817)
(4.1805612 -0.00059666804 -0.0012426466)
(4.1952189 -0.00058875704 -0.0012159872)
(4.2095086 -0.00058092747 -0.001190142)
(4.2234443 -0.00057317732 -0.0011650702)
(4.2370372 -0.00056550491 -0.0011407073)
(4.250304 -0.00055786939 -0.001117017)
(4.2632411 -0.00055046326 -0.0010940487)
(4.2759073 -0.00054243361 -0.0010710274)
(4.2881519 -0.0005371985 -0.0010529421)
(4.3005578 -0.00052316988 -0.0010089527)
(4.3110454 -0.00054381587 -0.0010977403)
(4.3293077 -0.00049433029 -0.00093872216)
(3.5145805 -0.0005240672 -0.0012454622)
(3.553897 -0.0003848878 -0.0022800091)
(3.5933636 -0.00017922676 -0.0025237466)
(3.6280523 -0.00011436989 -0.0024938225)
(3.6600826 -8.7335018e-05 -0.0023993438)
(3.691323 -7.0329702e-05 -0.0023026328)
(3.7217609 -6.1810725e-05 -0.0022159433)
(3.7510013 -5.9222661e-05 -0.0021384142)
(3.7790372 -6.062343e-05 -0.0020676205)
(3.8060454 -6.4978656e-05 -0.0020020503)
(3.8321381 -7.1495186e-05 -0.0019409109)
(3.8573576 -7.9484319e-05 -0.0018836706)
(3.8817399 -8.8402752e-05 -0.0018298774)
(3.905332 -9.78627e-05 -0.0017791528)
(3.9281812 -0.00010757406 -0.0017311724)
(3.9503276 -0.00011734074 -0.0016856776)
(3.9718062 -0.00012700288 -0.0016424305)
(3.9926496 -0.0001364614 -0.0016012392)
(4.0128885 -0.00014562949 -0.0015619222)
(4.0325512 -0.00015446343 -0.0015243294)
(4.051664 -0.00016293457 -0.0014883257)
(4.0702513 -0.00017102336 -0.001453785)
(4.0883356 -0.00017873673 -0.0014206102)
(4.1059384 -0.00018605531 -0.0013886891)
(4.1230795 -0.00019300808 -0.001357954)
(4.1397775 -0.00019957663 -0.0013283046)
(4.1560499 -0.00020580518 -0.0012996895)
(4.1719133 -0.00021168463 -0.0012720268)
(4.1873831 -0.00021725189 -0.0012452663)
(4.2024738 -0.00022250845 -0.0012193456)
(4.2171991 -0.00022747876 -0.0011942055)
(4.2315722 -0.00023217866 -0.0011698091)
(4.245604 -0.00023664965 -0.0011460941)
(4.2593098 -0.00024078025 -0.0011230275)
(4.2726866 -0.00024517483 -0.0011006614)
(4.2857894 -0.00024747108 -0.0010782212)
(4.2984764 -0.00025716853 -0.0010606992)
(4.3113066 -0.00024111379 -0.0010171879)
(4.3222231 -0.0003349615 -0.0011082754)
(4.3411435 -0.0002073905 -0.00094641103)
(3.5178603 -0.0012995352 -0.001247876)
(3.5638896 -0.0018504661 -0.0022919386)
(3.6097675 -0.0018487828 -0.0025477939)
(3.650713 -0.0018171904 -0.002528869)
(3.6888156 -0.0017774028 -0.0024428415)
(3.7258951 -0.0017390665 -0.0023520303)
(3.7619329 -0.0017095637 -0.0022691876)
(3.7965393 -0.0016871834 -0.0021940098)
(3.8297107 -0.00166935 -0.0021245259)
(3.8616267 -0.0016546672 -0.0020595546)
(3.8924047 -0.0016422798 -0.001998535)
(3.9220936 -0.0016315018 -0.0019410956)
(3.9507363 -0.0016217796 -0.0018868949)
(3.9783867 -0.0016127165 -0.0018356299)
(4.0050986 -0.0016040271 -0.0017870284)
(4.0309186 -0.0015955255 -0.001740865)
(4.0558883 -0.0015870641 -0.0016969245)
(4.0800465 -0.0015785549 -0.0016550288)
(4.1034299 -0.0015699236 -0.0016150058)
(4.1260729 -0.0015611346 -0.0015767103)
(4.1480073 -0.0015521653 -0.0015400097)
(4.1692629 -0.0015430001 -0.0015047789)
(4.1898675 -0.0015336461 -0.0014709196)
(4.2098476 -0.0015240851 -0.0014383195)
(4.2292276 -0.0015143397 -0.0014069078)
(4.2480308 -0.0015043871 -0.001376584)
(4.2662788 -0.0014942554 -0.0013472914)
(4.2839922 -0.001483926 -0.0013189467)
(4.3011903 -0.0014734154 -0.0012914948)
(4.3178908 -0.0014627106 -0.0012648711)
(4.3341109 -0.0014518084 -0.0012390115)
(4.3498666 -0.0014407109 -0.0012138753)
(4.3651715 -0.0014294102 -0.0011893952)
(4.3800431 -0.0014178545 -0.0011655369)
(4.394483 -0.0014063759 -0.0011423357)
(4.4085367 -0.0013930022 -0.0011190418)
(4.4221125 -0.0013888845 -0.0011006637)
(4.43559 -0.0013404656 -0.0010558477)
(4.4474887 -0.0015184702 -0.0011464187)
(4.4669774 -0.0012466108 -0.00098455981)
(3.5068462 -0.00092886892 -0.0012446173)
(3.5306641 -0.0016264472 -0.0022819367)
(3.5544944 -0.0018871776 -0.0025343964)
(3.5735326 -0.0020315828 -0.0025149929)
(3.5900139 -0.0021159159 -0.0024301867)
(3.6058452 -0.0021648856 -0.0023413603)
(3.6210027 -0.0021922367 -0.002260724)
(3.6350709 -0.0022036527 -0.0021876649)
(3.6480347 -0.0022025682 -0.002120036)
(3.6600708 -0.0021919292 -0.0020565762)
(3.6712912 -0.0021741588 -0.0019967002)
(3.6817369 -0.0021511017 -0.0019400341)
(3.6914433 -0.0021241377 -0.0018862444)
(3.7004583 -0.0020943241 -0.0018350443)
(3.7088304 -0.0020624737 -0.0017861856)
(3.7166011 -0.0020292191 -0.0017394699)
(3.723807 -0.0019950368 -0.0016947103)
(3.7304818 -0.0019602983 -0.0016517566)
(3.7366578 -0.0019252797 -0.001610464)
(3.7423647 -0.0018901978 -0.0015707135)
(3.74763 -0.0018552152 -0.001532397)
(3.7524793 -0.001820451 -0.0014954122)
(3.7569363 -0.0017860002 -0.0014596822)
(3.7610236 -0.0017519165 -0.0014251152)
(3.764762 -0.0017182525 -0.0013916599)
(3.7681713 -0.0016850196 -0.0013592344)
(3.7712701 -0.0016522414 -0.0013277999)
(3.7740762 -0.0016199075 -0.0012972909)
(3.7766063 -0.0015880162 -0.0012676697)
(3.7788764 -0.0015565454 -0.0012388897)
(3.7809018 -0.0015254691 -0.001210904)
(3.7826976 -0.0014947685 -0.0011836907)
(3.7842764 -0.0014643915 -0.0011572009)
(3.7856567 -0.0014343509 -0.0011314174)
(3.786836 -0.0014045717 -0.0011063891)
(3.7878759 -0.001374479 -0.0010815391)
(3.7886388 -0.0013500858 -0.0010604009)
(3.789569 -0.001293713 -0.0010227827)
(3.7896006 -0.0014163801 -0.0010664764)
(3.7906547 -0.0011836538 -0.00095915463)
(3.4707855 0.00092457356 -0.0012438579)
(3.425088 0.0015991765 -0.002262327)
(3.3822966 0.0018319208 -0.002477329)
(3.3375462 0.0019490074 -0.0024108509)
(3.2931819 0.0020056399 -0.0022776633)
(3.2511191 0.00202623 -0.0021430384)
(3.2111479 0.0020247784 -0.0020200206)
(3.172628 0.0020070619 -0.001907725)
(3.1353826 0.001976628 -0.0018036645)
(3.0994678 0.0019366282 -0.0017063903)
(3.064877 0.0018897132 -0.0016151975)
(3.0315309 0.001837927 -0.0015295931)
(2.999354 0.001782818 -0.0014491204)
(2.9682955 0.0017255826 -0.0013733756)
(2.938313 0.0016671562 -0.0013020007)
(2.9093632 0.0016082586 -0.0012346934)
(2.8814027 0.0015494425 -0.0011711652)
(2.8543911 0.0014911272 -0.0011111669)
(2.828291 0.0014336352 -0.0010544562)
(2.8030672 0.0013772054 -0.0010008231)
(2.7786857 0.0013220121 -0.00095007371)
(2.7551144 0.0012681793 -0.00090202488)
(2.7323227 0.001215787 -0.00085652548)
(2.7102815 0.0011648906 -0.00081340667)
(2.6889629 0.001115511 -0.00077255112)
(2.6683406 0.0010676592 -0.00073380351)
(2.6483893 0.0010213153 -0.00069707023)
(2.6290851 0.00097645772 -0.0006622202)
(2.610405 0.00093304463 -0.00062916821)
(2.5923275 0.00089103662 -0.00059780808)
(2.5748313 0.00085038043 -0.00056804884)
(2.5578976 0.00081102796 -0.00053981632)
(2.5415052 0.00077290697 -0.00051302173)
(2.5256432 0.00073601502 -0.0004875953)
(2.5102719 0.00070019249 -0.00046358498)
(2.4954437 0.00066494153 -0.00044017323)
(2.4809421 0.00063676142 -0.00042219515)
(2.4672281 0.00057388848 -0.00038110341)
(2.4539126 0.00071917057 -0.00045862483)
(2.4344766 0.00044509159 -0.00031942387)
(3.4817853 0.0012966415 -0.0012484521)
(3.4581157 0.0018233535 -0.0022796262)
(3.436975 0.0017915347 -0.0025041742)
(3.4135087 0.0017342617 -0.0024439067)
(3.3898958 0.0016702215 -0.0023146325)
(3.3679464 0.0016083438 -0.0021825118)
(3.3474484 0.0015564301 -0.0020611599)
(3.3277853 0.0015126761 -0.0019500562)
(3.3087882 0.0014743222 -0.0018469374)
(3.2905126 0.0014398926 -0.0017504683)
(3.2729563 0.00140848 -0.0016599956)
(3.2560502 0.0013793324 -0.0015750541)
(3.2397298 0.0013518328 -0.0014952049)
(3.2239548 0.0013255206 -0.0014200513)
(3.2086936 0.0013000759 -0.0013492333)
(3.1939148 0.0012752587 -0.0012824412)
(3.1795875 0.0012509032 -0.0012193774)
(3.1656846 0.0012268882 -0.001159783)
(3.1521821 0.0012031441 -0.0011034073)
(3.1390583 0.0011796189 -0.0010500321)
(3.1262934 0.0011562802 -0.00099945576)
(3.1138692 0.0011331114 -0.00095148906)
(3.1017691 0.0011100966 -0.00090597344)
(3.089978 0.0010872477 -0.00086273682)
(3.0784819 0.0010645561 -0.00082165458)
(3.0672681 0.0010420446 -0.00078257004)
(3.0563247 0.001019699 -0.0007453814)
(3.0456408 0.00099753808 -0.00070995496)
(3.0352062 0.00097555111 -0.00067619691)
(3.0250117 0.00095375241 -0.00064399623)
(3.0150481 0.0009321377 -0.00061325351)
(3.0053083 0.00091070542 -0.0005838861)
(2.9957828 0.00088947329 -0.00055579367)
(2.98647 0.00086835576 -0.00052890209)
(2.977347 0.00084778709 -0.00050323981)
(2.9684556 0.00082526269 -0.00047779753)
(2.9596584 0.00081502485 -0.00045944902)
(2.9512777 0.00074972891 -0.00040365507)
(2.9430812 0.00097294576 -0.00054585088)
(2.9308636 0.00061191471 -0.00031913161)
(3.4785042 0.00052396457 -0.0012449768)
(3.4483126 0.00037201743 -0.0022636496)
(3.4212114 0.00015391031 -0.0024737545)
(3.3921605 8.3427093e-05 -0.0024010434)
(3.3633295 5.2537784e-05 -0.0022627387)
(3.3365449 3.2130812e-05 -0.0021249088)
(3.3115732 2.0930595e-05 -0.0020005276)
(3.2877711 1.6301274e-05 -0.0018883726)
(3.2649512 1.6150087e-05 -0.0017856022)
(3.2431545 1.9350936e-05 -0.0016904513)
(3.2223644 2.5019803e-05 -0.0016019552)
(3.2024971 3.2371264e-05 -0.0015194256)
(3.1834743 4.0781748e-05 -0.0014422643)
(3.1652429 4.9786092e-05 -0.0013699613)
(3.1477593 5.905108e-05 -0.0013020768)
(3.1309798 6.8312671e-05 -0.0012382444)
(3.1148623 7.7389853e-05 -0.0011781273)
(3.0993684 8.6143885e-05 -0.0011214397)
(3.0844634 9.4496225e-05 -0.001067913)
(3.0701151 0.00010238132 -0.0010173172)
(3.0562936 0.00010975715 -0.00096944303)
(3.0429711 0.00011660427 -0.00092409651)
(3.0301217 0.00012290311 -0.00088111643)
(3.0177213 0.00012867877 -0.00084033058)
(3.0057477 0.00013392387 -0.00080161497)
(2.9941798 0.00013868538 -0.00076481562)
(2.9829981 0.00014295344 -0.00072983327)
(2.9721845 0.00014677725 -0.0006965384)
(2.9617217 0.00015015974 -0.00066484114)
(2.9515941 0.00015314667 -0.00063463576)
(2.9417864 0.00015575724 -0.00060582787)
(2.9322855 0.0001580093 -0.00057834035)
(2.9230761 0.00015998003 -0.00055208002)
(2.9141525 0.00016149319 -0.00052697265)
(2.9054833 0.00016338282 -0.00050307458)
(2.8971197 0.00016235643 -0.00047932771)
(2.8888615 0.00017193426 -0.00046258755)
(2.8812566 0.00014351051 -0.0004091908)
(2.8732444 0.00028233833 -0.0005514087)
(2.862529 7.8301839e-05 -0.00032544782)
(3.4784801 0.00015228922 -0.0012445602)
(3.4482097 0.00015677024 -0.0022662314)
(3.4210238 0.00021608329 -0.0024826334)
(3.3918112 0.00033416498 -0.0024168908)
(3.3627505 0.00043890736 -0.0022841505)
(3.3356951 0.00051610559 -0.0021498198)
(3.3104269 0.00057035317 -0.0020270554)
(3.2863122 0.00060654708 -0.0019150751)
(3.2631705 0.00062885542 -0.0018114685)
(3.2410479 0.00064069188 -0.0017148141)
(3.2199313 0.00064465204 -0.0016243998)
(3.1997394 0.00064269317 -0.0015397164)
(3.1803959 0.00063632135 -0.001460291)
(3.1618489 0.00062669524 -0.0013857002)
(3.1440555 0.00061471803 -0.0013155627)
(3.1269729 0.00060106389 -0.0012495498)
(3.1105596 0.00058626675 -0.0011873487)
(3.0947773 0.00057072221 -0.0011286874)
(3.0795917 0.00055475293 -0.0010733052)
(3.0649709 0.00053858602 -0.0010209741)
(3.0508851 0.00052239304 -0.00097148371)
(3.0373065 0.00050630735 -0.00092463696)
(3.0242095 0.00049041074 -0.00088026701)
(3.0115702 0.00047479921 -0.00083819702)
(2.9993661 0.00045949804 -0.00079829608)
(2.9875765 0.00044457657 -0.00076040556)
(2.9761819 0.00043001779 -0.00072441854)
(2.9651642 0.0004158646 -0.00069020041)
(2.9545062 0.0004020933 -0.00065765398)
(2.9441924 0.00038872614 -0.00062666842)
(2.9342076 0.00037574609 -0.00059714299)
(2.9245387 0.00036314257 -0.00056899518)
(2.9151706 0.00035092461 -0.00054212626)
(2.9060979 0.00033900633 -0.00051645794)
(2.8972881 0.00032764794 -0.00049203787)
(2.8887976 0.00031566945 -0.00046780935)
(2.8804094 0.00030778755 -0.00045062103)
(2.8727215 0.00028761774 -0.00039690577)
(2.864569 0.00032018716 -0.00053623951)
(2.8537307 0.0002430106 -0.00031478674)
(3.4784801 -0.00015228834 -0.0012445602)
(3.4482097 -0.00015676774 -0.0022662314)
(3.4210238 -0.00021608158 -0.0024826334)
(3.3918112 -0.00033416346 -0.0024168908)
(3.3627505 -0.00043890659 -0.0022841505)
(3.3356951 -0.00051610691 -0.0021498197)
(3.3104269 -0.00057035871 -0.0020270551)
(3.2863122 -0.00060655187 -0.0019150749)
(3.2631705 -0.00062886027 -0.0018114684)
(3.2410479 -0.00064070003 -0.0017148139)
(3.2199313 -0.00064466631 -0.0016243994)
(3.1997395 -0.00064271451 -0.0015397157)
(3.180396 -0.00063634329 -0.0014602904)
(3.1618489 -0.00062672027 -0.0013856995)
(3.1440555 -0.00061473372 -0.0013155623)
(3.126973 -0.00060108433 -0.0012495494)
(3.1105596 -0.00058628944 -0.0011873485)
(3.0947774 -0.00057076027 -0.0011286869)
(3.0795918 -0.00055478826 -0.0010733048)
(3.064971 -0.0005386133 -0.0010209743)
(3.0508851 -0.00052241511 -0.00097148488)
(3.0373066 -0.00050632223 -0.00092463945)
(3.0242096 -0.00049044827 -0.00088027036)
(3.0115702 -0.00047483648 -0.00083820168)
(2.9993661 -0.00045956394 -0.00079830152)
(2.9875764 -0.000444626 -0.00076041282)
(2.9761817 -0.00043008452 -0.00072442712)
(2.9651639 -0.0004159166 -0.00069021099)
(2.9545059 -0.0004021547 -0.00065766592)
(2.9441919 -0.00038877132 -0.00062668226)
(2.934207 -0.00037577174 -0.00059715846)
(2.9245379 -0.00036314277 -0.00056901255)
(2.9151697 -0.00035087764 -0.00054214553)
(2.9060968 -0.00033891121 -0.0005164794)
(2.8972868 -0.00032750601 -0.00049206095)
(2.8887961 -0.00031546411 -0.00046783393)
(2.8804078 -0.0003076229 -0.00045064347)
(2.8727199 -0.00028731048 -0.00039692963)
(2.864567 -0.00031936076 -0.00053626459)
(2.8537295 -0.00024399821 -0.00031477103)
(3.4785042 -0.00052396373 -0.0012449768)
(3.4483126 -0.00037201504 -0.0022636496)
(3.4212114 -0.00015390837 -0.0024737544)
(3.3921605 -8.3424909e-05 -0.0024010433)
(3.3633296 -5.2536148e-05 -0.0022627385)
(3.336545 -3.2130373e-05 -0.0021249083)
(3.3115732 -2.0933317e-05 -0.0020005265)
(3.2877711 -1.6303555e-05 -0.0018883713)
(3.2649513 -1.6152308e-05 -0.0017856009)
(3.2431546 -1.9354806e-05 -0.0016904494)
(3.2223645 -2.5027853e-05 -0.0016019524)
(3.2024972 -3.2385647e-05 -0.0015194217)
(3.1834745 -4.0796771e-05 -0.0014422594)
(3.1652432 -4.9802896e-05 -0.0013699553)
(3.1477596 -5.9056864e-05 -0.0013020706)
(3.1309802 -6.8319903e-05 -0.0012382373)
(3.1148628 -7.7396478e-05 -0.001178119)
(3.0993691 -8.6162768e-05 -0.0011214291)
(3.0844642 -9.4511344e-05 -0.001067901)
(3.070116 -0.0001023874 -0.0010173049)
(3.0562947 -0.00010975639 -0.00096943119)
(3.0429724 -0.00011659491 -0.0009240862)
(3.0301231 -0.00012291378 -0.00088110619)
(3.0177229 -0.00012869043 -0.00084032152)
(3.0057494 -0.00013396444 -0.00080160558)
(2.9941816 -0.00013871467 -0.00076480884)
(2.983 -0.00014300168 -0.00072982779)
(2.9721864 -0.00014681565 -0.00069653626)
(2.9617237 -0.0001502082 -0.00066484074)
(2.951596 -0.000153182 -0.00063463886)
(2.9417882 -0.00015577347 -0.00060583391)
(2.932287 -0.00015800343 -0.0005783503)
(2.9230774 -0.00015993098 -0.00055209392)
(2.9141533 -0.00016140507 -0.00052699151)
(2.9054837 -0.00016325517 -0.00050309668)
(2.8971194 -0.00016218179 -0.00047935292)
(2.8888608 -0.00017180338 -0.00046260318)
(2.8812552 -0.00014327153 -0.0004092238)
(2.8732421 -0.00028169583 -0.00055140227)
(2.862528 -7.9006561e-05 -0.00032534368)
(3.4817853 -0.001296641 -0.0012484521)
(3.4581157 -0.001823352 -0.0022796262)
(3.4369751 -0.001791534 -0.0025041741)
(3.4135087 -0.0017342612 -0.0024439065)
(3.3898959 -0.0016702224 -0.0023146323)
(3.3679465 -0.0016083465 -0.0021825114)
(3.3474485 -0.0015564364 -0.0020611588)
(3.3277854 -0.0015126842 -0.001950055)
(3.3087884 -0.0014743325 -0.0018469361)
(3.2905129 -0.0014399059 -0.0017504669)
(3.2729567 -0.0014084983 -0.0016599935)
(3.2560507 -0.0013793589 -0.0015750508)
(3.2397305 -0.0013518645 -0.0014952008)
(3.2239557 -0.0013255595 -0.0014200464)
(3.2086948 -0.0013001118 -0.0013492295)
(3.1939162 -0.0012753014 -0.0012824376)
(3.1795893 -0.0012509515 -0.001219374)
(3.1656868 -0.001226954 -0.0011597782)
(3.1521848 -0.0012032174 -0.0011034026)
(3.1390615 -0.0011796962 -0.0010500293)
(3.1262971 -0.0011563619 -0.00099945629)
(3.1138734 -0.001133194 -0.00095149466)
(3.1017738 -0.0011102007 -0.00090598179)
(3.0899831 -0.0010873584 -0.0008627496)
(3.0784876 -0.0010646951 -0.00082166895)
(3.0672742 -0.0010421815 -0.00078259018)
(3.0563313 -0.0010198544 -0.00074540464)
(3.0456478 -0.00099769042 -0.000709984)
(3.0352136 -0.00097571289 -0.00067622892)
(3.0250193 -0.00095390642 -0.00064403333)
(3.0150561 -0.00093227151 -0.0006132948)
(3.0053165 -0.0009108145 -0.00058393231)
(2.995791 -0.00088953085 -0.00055584507)
(2.9864783 -0.00086836517 -0.00052895931)
(2.9773552 -0.00084773751 -0.00050330084)
(2.9684636 -0.00082516463 -0.00047786185)
(2.9596666 -0.00081495975 -0.00045949799)
(2.951286 -0.00074956833 -0.00040372476)
(2.943089 -0.00097284157 -0.00054593399)
(2.9308764 -0.00061235401 -0.00031903333)
(3.4707855 -0.0009245735 -0.0012438578)
(3.425088 -0.0015991761 -0.002262327)
(3.3822966 -0.0018319211 -0.0024773287)
(3.3375462 -0.0019490082 -0.0024108506)
(3.2931819 -0.0020056423 -0.0022776628)
(3.2511191 -0.0020262345 -0.0021430373)
(3.2111479 -0.0020247861 -0.0020200185)
(3.1726279 -0.0020070728 -0.0019077221)
(3.1353825 -0.0019766425 -0.0018036609)
(3.0994676 -0.0019366469 -0.0017063856)
(3.0648768 -0.0018897375 -0.0016151912)
(3.0315307 -0.0018379592 -0.001529584)
(2.9993537 -0.0017828582 -0.0014491083)
(2.9682951 -0.001725633 -0.0013733602)
(2.9383126 -0.0016672135 -0.0013019839)
(2.9093626 -0.0016083279 -0.001234674)
(2.8814019 -0.0015495246 -0.0011711424)
(2.8543901 -0.0014912295 -0.0011111378)
(2.8282898 -0.0014337554 -0.0010544219)
(2.8030657 -0.0013773429 -0.0010007853)
(2.7786839 -0.0013221672 -0.00095003384)
(2.7551122 -0.0012683498 -0.00090198519)
(2.73232 -0.0012159816 -0.00085648262)
(2.7102782 -0.0011651021 -0.00081336326)
(2.6889591 -0.0011157493 -0.00077250329)
(2.6683362 -0.0010679099 -0.00073375786)
(2.6483843 -0.0010215867 -0.00069702374)
(2.6290793 -0.00097674017 -0.00066217804)
(2.6103984 -0.0009333435 -0.00062912796)
(2.59232 -0.00089134451 -0.00059777479)
(2.5748228 -0.00085068907 -0.00056802403)
(2.5578881 -0.00081133371 -0.00053980374)
(2.5414946 -0.00077319282 -0.00051302534)
(2.5256315 -0.00073628125 -0.00048761873)
(2.5102589 -0.00070042996 -0.00046362864)
(2.4954295 -0.00066516323 -0.00044023576)
(2.4809266 -0.00063701883 -0.00042225576)
(2.4672111 -0.00057410422 -0.00038118388)
(2.4538937 -0.00071966039 -0.00045868246)
(2.4344546 -0.00044570698 -0.00031945801)
)
;

boundaryField
{
    inlet
    {
        type            fixedValue;
        value           uniform (3.5009495 0 0);
    }
    outlet
    {
        type            zeroGradient;
    }
    walls
    {
        type            noSlip;
    }
}


// ************************************************************************* //
