/*--------------------------------*- C++ -*----------------------------------*\
  =========                 |
  \\      /  F ield         | OpenFOAM: The Open Source CFD Toolbox
   \\    /   O peration     | Website:  https://openfoam.org
    \\  /    A nd           | Version:  14
     \\/     M anipulation  |
\*---------------------------------------------------------------------------*/
FoamFile
{
    format      ascii;
    class       volScalarField;
    location    "65";
    object      p;
}
// * * * * * * * * * * * * * * * * * * * * * * * * * * * * * * * * * * * * * //

dimensions      [0 2 -2 0 0 0 0];

internalField   nonuniform List<scalar> 
1280
(
4.1024996
3.9827193
3.8583555
3.7621143
3.673436
3.5784996
3.4793618
3.3802279
3.281623
3.1825914
3.0827858
2.9823986
2.8815947
2.7803878
2.6787606
2.5767278
2.4743186
2.3715576
2.2684626
2.1650512
2.0613412
1.9573505
1.853096
1.7485938
1.6438593
1.5389084
1.4337542
1.3284132
1.2228962
1.1172207
1.0113941
0.9054358
0.79934919
0.69316093
0.58685332
0.48051071
0.37392571
0.26773184
0.15974484
0.051909968
4.1014719
3.9825443
3.8582617
3.7620404
3.6733816
3.5784588
3.4793313
3.3802057
3.2816075
3.1825811
3.0827795
2.9823954
2.8815938
2.7803887
2.6787628
2.576731
2.4743225
2.3715622
2.2684676
2.1650564
2.0613466
1.9573561
1.8531016
1.7485995
1.643865
1.5389141
1.4337599
1.3284189
1.2229018
1.1172263
1.0113997
0.9054413
0.79935467
0.69316638
0.58685883
0.48051582
0.37393321
0.26771576
0.15965635
0.052105971
4.1011202
3.9828351
3.8584395
3.76215
3.6734643
3.5785214
3.4793778
3.3802399
3.2816322
3.1825985
3.0827912
2.9824028
2.881598
2.7803903
2.6787625
2.5767293
2.4743198
2.3715586
2.2684635
2.1650519
2.0613418
1.9573512
1.8530966
1.7485944
1.6438599
1.538909
1.4337549
1.3284139
1.222897
1.1172216
1.011395
0.90543677
0.79935027
0.69316207
0.58685464
0.48051179
0.37392891
0.26770275
0.15961114
0.05222123
4.1009624
3.9828871
3.8583744
3.7620655
3.673398
3.5784721
3.479341
3.3802123
3.2816115
3.1825832
3.08278
2.9823947
2.8815923
2.7803865
2.6787602
2.5767281
2.4743194
2.3715589
2.2684642
2.165053
2.0613432
1.9573528
1.8530983
1.7485963
1.6438619
1.5389111
1.433757
1.328416
1.2228991
1.1172237
1.0113972
0.90543887
0.79935239
0.69316415
0.58685676
0.48051386
0.37393064
0.26770243
0.15959361
0.052271604
4.1009624
3.9828871
3.8583744
3.7620655
3.673398
3.5784721
3.479341
3.3802123
3.2816115
3.1825832
3.08278
2.9823947
2.8815923
2.7803865
2.6787602
2.5767281
2.4743194
2.3715589
2.2684642
2.165053
2.0613432
1.9573528
1.8530983
1.7485963
1.6438619
1.538911
1.433757
1.328416
1.2228991
1.1172237
1.0113972
0.90543885
0.79935241
0.69316413
0.58685678
0.48051383
0.37393068
0.26770238
0.15959366
0.052271519
4.1011202
3.9828351
3.8584395
3.76215
3.6734643
3.5785214
3.4793778
3.3802399
3.2816322
3.1825985
3.0827912
2.9824028
2.881598
2.7803903
2.6787625
2.5767293
2.4743198
2.3715586
2.2684635
2.1650519
2.0613418
1.9573511
1.8530966
1.7485944
1.6438599
1.538909
1.4337549
1.3284139
1.222897
1.1172215
1.0113951
0.90543672
0.79935032
0.693162
0.58685472
0.48051169
0.37392902
0.26770263
0.15961129
0.05222099
4.1014719
3.9825443
3.8582617
3.7620404
3.6733816
3.5784588
3.4793313
3.3802057
3.2816075
3.1825811
3.0827795
2.9823954
2.8815938
2.7803887
2.6787628
2.576731
2.4743225
2.3715621
2.2684676
2.1650564
2.0613466
1.9573561
1.8531016
1.7485995
1.643865
1.538914
1.4337599
1.3284188
1.2229018
1.1172263
1.0113997
0.90544122
0.79935476
0.69316627
0.58685895
0.48051567
0.37393339
0.26771558
0.15965656
0.052105604
4.1024996
3.9827193
3.8583555
3.7621143
3.673436
3.5784996
3.4793618
3.3802279
3.281623
3.1825914
3.0827858
2.9823986
2.8815947
2.7803878
2.6787606
2.5767278
2.4743186
2.3715576
2.2684627
2.1650512
2.0613412
1.9573505
1.853096
1.7485938
1.6438593
1.5389084
1.4337542
1.3284132
1.2228962
1.1172207
1.0113942
0.90543571
0.7993493
0.6931608
0.58685347
0.48051053
0.37392593
0.26773163
0.15974508
0.051909502
4.1018032
3.9825399
3.8583339
3.7621238
3.6734461
3.5785066
3.4793668
3.380232
3.2816268
3.1825951
3.0827893
2.9824021
2.8815981
2.7803911
2.6787637
2.5767308
2.4743215
2.3715605
2.2684654
2.1650539
2.0613438
1.9573531
1.8530985
1.7485962
1.6438617
1.5389107
1.4337565
1.3284154
1.2228983
1.1172228
1.0113962
0.9054378
0.79935116
0.69316285
0.58685524
0.48051235
0.37392898
0.26772649
0.15968848
0.052008313
4.100775
3.9823659
3.858243
3.7620539
3.6733962
3.5784704
3.479341
3.3802147
3.2816162
3.1825897
3.0827879
2.9824037
2.8816019
2.7803966
2.6787705
2.5767386
2.47433
2.3715694
2.2684746
2.1650633
2.0613533
1.9573627
1.8531081
1.7486058
1.6438712
1.5389201
1.4337658
1.3284247
1.2229075
1.1172319
1.0114051
0.90544665
0.79935993
0.69317153
0.58686393
0.48052052
0.37394006
0.26771064
0.15958402
0.052239281
4.1004241
3.9826582
3.8584225
3.7621647
3.6734795
3.5785331
3.4793873
3.3802483
3.2816401
3.1826062
3.0827986
2.98241
2.8816049
2.7803971
2.6787691
2.5767358
2.4743261
2.3715648
2.2684695
2.1650577
2.0613475
1.9573567
1.853102
1.7485998
1.6438652
1.5389142
1.4337599
1.3284189
1.2229018
1.1172263
1.0113997
0.90544134
0.79935476
0.69316647
0.58685901
0.48051579
0.37393497
0.26769659
0.15954045
0.052354061
4.1002665
3.9827099
3.8583565
3.7620792
3.6734125
3.5784835
3.4793504
3.3802209
3.2816198
3.1825913
3.0827879
2.9824025
2.8815999
2.780394
2.6787675
2.5767352
2.4743264
2.3715657
2.2684709
2.1650595
2.0613496
1.957359
1.8531044
1.7486022
1.6438677
1.5389168
1.4337626
1.3284215
1.2229044
1.1172289
1.0114023
0.9054439
0.79935734
0.69316899
0.58686156
0.48051828
0.3739371
0.26769691
0.15952358
0.052402962
4.1002665
3.9827099
3.8583565
3.7620792
3.6734125
3.5784835
3.4793504
3.3802209
3.2816198
3.1825913
3.0827879
2.9824025
2.8815999
2.780394
2.6787675
2.5767352
2.4743264
2.3715657
2.2684709
2.1650595
2.0613496
1.957359
1.8531044
1.7486022
1.6438677
1.5389168
1.4337626
1.3284215
1.2229045
1.1172289
1.0114023
0.90544389
0.79935735
0.69316896
0.58686158
0.48051824
0.37393714
0.26769687
0.15952364
0.052402878
4.1004241
3.9826582
3.8584225
3.7621647
3.6734795
3.5785331
3.4793873
3.3802483
3.2816401
3.1826062
3.0827986
2.98241
2.8816049
2.7803971
2.6787691
2.5767358
2.4743261
2.3715647
2.2684695
2.1650577
2.0613475
1.9573567
1.853102
1.7485998
1.6438652
1.5389142
1.43376
1.3284189
1.2229019
1.1172263
1.0113997
0.90544129
0.79935482
0.6931664
0.58685909
0.4805157
0.37393508
0.26769647
0.1595406
0.052353822
4.100775
3.9823659
3.858243
3.7620539
3.6733962
3.5784704
3.479341
3.3802147
3.2816162
3.1825897
3.0827879
2.9824037
2.8816019
2.7803966
2.6787705
2.5767386
2.47433
2.3715694
2.2684747
2.1650633
2.0613534
1.9573627
1.8531081
1.7486058
1.6438712
1.5389201
1.4337658
1.3284246
1.2229075
1.1172318
1.0114052
0.90544657
0.79936001
0.69317142
0.58686405
0.48052037
0.37394024
0.26771046
0.15958424
0.052238918
4.1018032
3.9825399
3.8583339
3.7621238
3.6734461
3.5785066
3.4793668
3.380232
3.2816268
3.1825951
3.0827893
2.9824021
2.8815981
2.7803911
2.6787637
2.5767308
2.4743215
2.3715605
2.2684654
2.1650539
2.0613438
1.9573531
1.8530985
1.7485962
1.6438617
1.5389107
1.4337565
1.3284154
1.2228984
1.1172228
1.0113963
0.90543771
0.79935126
0.69316272
0.58685539
0.48051217
0.3739292
0.26772628
0.15968871
0.052007862
4.1018032
3.9825399
3.8583339
3.7621238
3.6734461
3.5785066
3.4793668
3.380232
3.2816268
3.1825951
3.0827893
2.9824021
2.8815981
2.7803911
2.6787637
2.5767308
2.4743215
2.3715605
2.2684654
2.1650539
2.0613438
1.9573531
1.8530985
1.7485962
1.6438617
1.5389107
1.4337565
1.3284154
1.2228983
1.1172228
1.0113962
0.90543779
0.79935116
0.69316284
0.58685525
0.48051233
0.373929
0.26772647
0.1596885
0.052008271
4.100775
3.9823659
3.858243
3.7620539
3.6733962
3.5784704
3.479341
3.3802147
3.2816162
3.1825897
3.0827879
2.9824037
2.8816019
2.7803966
2.6787705
2.5767386
2.47433
2.3715694
2.2684746
2.1650633
2.0613533
1.9573627
1.8531081
1.7486058
1.6438712
1.5389201
1.4337658
1.3284247
1.2229075
1.1172319
1.0114051
0.90544664
0.79935993
0.69317151
0.58686395
0.4805205
0.37394009
0.26771062
0.15958404
0.052239242
4.1004241
3.9826582
3.8584225
3.7621647
3.6734795
3.5785331
3.4793873
3.3802483
3.2816401
3.1826062
3.0827986
2.98241
2.8816049
2.7803971
2.6787691
2.5767358
2.4743261
2.3715648
2.2684695
2.1650577
2.0613475
1.9573567
1.853102
1.7485998
1.6438652
1.5389142
1.4337599
1.3284189
1.2229018
1.1172263
1.0113997
0.90544133
0.79935477
0.69316646
0.58685902
0.48051578
0.37393499
0.26769657
0.15954047
0.052354023
4.1002665
3.9827099
3.8583565
3.7620792
3.6734125
3.5784835
3.4793504
3.3802209
3.2816198
3.1825913
3.0827879
2.9824025
2.8815999
2.780394
2.6787675
2.5767352
2.4743264
2.3715657
2.2684709
2.1650595
2.0613496
1.957359
1.8531044
1.7486022
1.6438677
1.5389168
1.4337626
1.3284215
1.2229045
1.1172289
1.0114023
0.9054439
0.79935735
0.69316898
0.58686157
0.48051826
0.37393712
0.26769689
0.1595236
0.052402928
4.1002665
3.9827099
3.8583565
3.7620792
3.6734125
3.5784835
3.4793504
3.3802209
3.2816198
3.1825913
3.0827879
2.9824025
2.8815999
2.780394
2.6787675
2.5767352
2.4743264
2.3715657
2.2684709
2.1650595
2.0613496
1.957359
1.8531044
1.7486022
1.6438677
1.5389167
1.4337626
1.3284215
1.2229045
1.1172289
1.0114023
0.90544388
0.79935736
0.69316895
0.58686159
0.48051823
0.37393716
0.26769685
0.15952365
0.052402847
4.1004241
3.9826582
3.8584225
3.7621647
3.6734795
3.5785331
3.4793873
3.3802483
3.2816401
3.1826062
3.0827986
2.98241
2.8816049
2.7803971
2.6787691
2.5767358
2.4743261
2.3715647
2.2684695
2.1650577
2.0613475
1.9573567
1.853102
1.7485998
1.6438652
1.5389142
1.43376
1.3284189
1.2229019
1.1172263
1.0113998
0.90544128
0.79935483
0.69316639
0.5868591
0.48051568
0.3739351
0.26769645
0.15954061
0.052353792
4.100775
3.9823659
3.858243
3.7620539
3.6733962
3.5784704
3.479341
3.3802147
3.2816162
3.1825897
3.0827879
2.9824037
2.8816019
2.7803966
2.6787705
2.5767386
2.47433
2.3715694
2.2684747
2.1650633
2.0613534
1.9573627
1.8531081
1.7486058
1.6438712
1.5389201
1.4337658
1.3284246
1.2229075
1.1172318
1.0114052
0.90544657
0.79936002
0.69317141
0.58686406
0.48052035
0.37394026
0.26771044
0.15958425
0.052238895
4.1018032
3.9825399
3.8583339
3.7621238
3.6734461
3.5785066
3.4793668
3.380232
3.2816268
3.1825951
3.0827893
2.9824021
2.8815981
2.7803911
2.6787637
2.5767308
2.4743215
2.3715605
2.2684654
2.1650539
2.0613438
1.9573531
1.8530985
1.7485962
1.6438617
1.5389107
1.4337565
1.3284154
1.2228984
1.1172228
1.0113963
0.90543771
0.79935127
0.69316271
0.5868554
0.48051216
0.37392921
0.26772626
0.15968872
0.052007841
4.1024996
3.9827193
3.8583555
3.7621143
3.673436
3.5784996
3.4793618
3.3802279
3.281623
3.1825914
3.0827858
2.9823986
2.8815947
2.7803878
2.6787606
2.5767278
2.4743186
2.3715576
2.2684627
2.1650512
2.0613412
1.9573505
1.853096
1.7485938
1.6438593
1.5389084
1.4337542
1.3284132
1.2228962
1.1172207
1.0113941
0.90543578
0.79934921
0.6931609
0.58685336
0.48051067
0.37392576
0.2677318
0.15974489
0.051909838
4.1014719
3.9825443
3.8582617
3.7620404
3.6733816
3.5784588
3.4793313
3.3802057
3.2816075
3.1825811
3.0827795
2.9823954
2.8815938
2.7803887
2.6787628
2.576731
2.4743225
2.3715622
2.2684676
2.1650564
2.0613466
1.9573561
1.8531016
1.7485995
1.643865
1.5389141
1.4337599
1.3284188
1.2229018
1.1172263
1.0113997
0.90544128
0.7993547
0.69316635
0.58685886
0.48051577
0.37393327
0.26771571
0.15965638
0.052105852
4.1011202
3.9828351
3.8584395
3.76215
3.6734643
3.5785214
3.4793778
3.3802399
3.2816322
3.1825985
3.0827912
2.9824028
2.881598
2.7803903
2.6787625
2.5767293
2.4743198
2.3715586
2.2684635
2.1650519
2.0613418
1.9573511
1.8530966
1.7485944
1.6438599
1.538909
1.4337549
1.3284139
1.222897
1.1172216
1.0113951
0.90543675
0.79935029
0.69316204
0.58685467
0.48051174
0.37392896
0.26770271
0.15961118
0.052221119
4.1009624
3.9828871
3.8583744
3.7620655
3.673398
3.5784721
3.479341
3.3802123
3.2816115
3.1825832
3.08278
2.9823947
2.8815923
2.7803865
2.6787602
2.5767281
2.4743194
2.3715589
2.2684642
2.165053
2.0613432
1.9573528
1.8530983
1.7485963
1.6438619
1.538911
1.433757
1.328416
1.2228991
1.1172237
1.0113972
0.90543885
0.79935242
0.69316412
0.58685679
0.48051382
0.3739307
0.26770238
0.15959365
0.052271499
4.1009624
3.9828871
3.8583744
3.7620655
3.673398
3.5784721
3.479341
3.3802123
3.2816115
3.1825832
3.08278
2.9823947
2.8815923
2.7803865
2.6787602
2.5767281
2.4743194
2.3715589
2.2684642
2.165053
2.0613432
1.9573528
1.8530983
1.7485963
1.6438619
1.538911
1.433757
1.328416
1.2228991
1.1172237
1.0113972
0.90543883
0.79935244
0.6931641
0.58685682
0.48051379
0.37393073
0.26770234
0.15959369
0.052271422
4.1011202
3.9828351
3.8584395
3.76215
3.6734643
3.5785214
3.4793778
3.3802399
3.2816322
3.1825985
3.0827912
2.9824028
2.881598
2.7803903
2.6787625
2.5767293
2.4743198
2.3715586
2.2684635
2.1650519
2.0613418
1.9573511
1.8530966
1.7485944
1.6438599
1.538909
1.4337549
1.3284139
1.222897
1.1172215
1.0113951
0.9054367
0.79935035
0.69316197
0.58685475
0.48051165
0.37392907
0.2677026
0.15961132
0.052220903
4.1014719
3.9825443
3.8582617
3.7620404
3.6733816
3.5784588
3.4793313
3.3802057
3.2816075
3.1825812
3.0827795
2.9823954
2.8815938
2.7803887
2.6787628
2.576731
2.4743225
2.3715621
2.2684676
2.1650564
2.0613466
1.9573561
1.8531016
1.7485995
1.643865
1.538914
1.4337599
1.3284188
1.2229018
1.1172262
1.0113997
0.90544121
0.79935478
0.69316625
0.58685898
0.48051563
0.37393343
0.26771554
0.15965657
0.052105526
4.1024996
3.9827193
3.8583555
3.7621143
3.673436
3.5784996
3.4793618
3.3802279
3.281623
3.1825914
3.0827858
2.9823986
2.8815947
2.7803878
2.6787606
2.5767278
2.4743186
2.3715576
2.2684627
2.1650512
2.0613412
1.9573505
1.853096
1.7485938
1.6438593
1.5389084
1.4337542
1.3284132
1.2228962
1.1172207
1.0113942
0.90543569
0.79934932
0.69316078
0.5868535
0.4805105
0.37392597
0.26773161
0.15974509
0.051909428
)
;

boundaryField
{
    inlet
    {
        type            zeroGradient;
    }
    outlet
    {
        type            fixedValue;
        value           uniform 0;
    }
    walls
    {
        type            zeroGradient;
    }
}


// ************************************************************************* //
