/*--------------------------------*- C++ -*----------------------------------*\
  =========                 |
  \\      /  F ield         | OpenFOAM: The Open Source CFD Toolbox
   \\    /   O peration     | Website:  https://openfoam.org
    \\  /    A nd           | Version:  14
     \\/     M anipulation  |
\*---------------------------------------------------------------------------*/
FoamFile
{
    format      ascii;
    class       surfaceScalarField;
    location    "65";
    object      phi;
}
// * * * * * * * * * * * * * * * * * * * * * * * * * * * * * * * * * * * * * //

dimensions      [0 3 -1 0 0 0 0];

internalField   nonuniform List<scalar> 
3328
(
6.2150335e-06
1.8677495e-08
1.6289016e-08
6.1801705e-06
1.8711781e-08
1.6151154e-08
6.1456569e-06
1.8540081e-08
1.5973574e-08
6.1114427e-06
1.8433968e-08
1.5780159e-08
6.0775902e-06
1.8281153e-08
1.5571401e-08
6.0441048e-06
1.8121272e-08
1.5364076e-08
6.0109784e-06
1.7963764e-08
1.5162647e-08
5.9782066e-06
1.7806416e-08
1.4965416e-08
5.9457871e-06
1.7648209e-08
1.4771295e-08
5.9137168e-06
1.7489804e-08
1.4580473e-08
5.8819918e-06
1.7331836e-08
1.4393148e-08
5.8506083e-06
1.7174416e-08
1.4209142e-08
5.8195626e-06
1.7017479e-08
1.4028199e-08
5.7888514e-06
1.6861041e-08
1.385016e-08
5.7584713e-06
1.6705158e-08
1.3674925e-08
5.728419e-06
1.6549871e-08
1.3502407e-08
5.6986913e-06
1.6395197e-08
1.333251e-08
5.669285e-06
1.6241139e-08
1.3165151e-08
5.640197e-06
1.6087714e-08
1.3000258e-08
5.6114243e-06
1.5934917e-08
1.2837759e-08
5.582964e-06
1.5782765e-08
1.26776e-08
5.554813e-06
1.5631249e-08
1.2519719e-08
5.5269685e-06
1.5480377e-08
1.2364066e-08
5.4994278e-06
1.533014e-08
1.2210586e-08
5.472188e-06
1.5180533e-08
1.2059233e-08
5.4452466e-06
1.5031548e-08
1.1909966e-08
5.4186006e-06
1.4883155e-08
1.1762724e-08
5.3922478e-06
1.4735338e-08
1.1617487e-08
5.3661855e-06
1.4588035e-08
1.1474175e-08
5.3404115e-06
1.4441211e-08
1.1332794e-08
5.3149233e-06
1.429477e-08
1.1193245e-08
5.2897191e-06
1.4148613e-08
1.1055543e-08
5.2647969e-06
1.4002579e-08
1.0919546e-08
5.240155e-06
1.3856583e-08
1.0785341e-08
5.2157922e-06
1.3710018e-08
1.0652672e-08
5.1917077e-06
1.3563499e-08
1.0521114e-08
5.1678807e-06
1.3425766e-08
1.04012e-08
5.1445255e-06
1.3216953e-08
1.01385e-08
5.1156421e-06
1.6484579e-08
1.2398091e-08
9.6566552e-09
7.8788295e-09
6.2461249e-06
6.2633284e-09
1.6289251e-08
6.2422055e-06
6.4599105e-09
1.6171281e-08
6.2382823e-06
6.4472776e-09
1.6015996e-08
6.234332e-06
6.5420888e-09
1.5842137e-08
6.2303632e-06
6.6016933e-09
1.5648282e-08
6.2263756e-06
6.6571868e-09
1.5451648e-08
6.222368e-06
6.7136992e-09
1.5257725e-08
6.2183393e-06
6.7692115e-09
1.5065896e-08
6.2142888e-06
6.8227511e-09
1.4875917e-08
6.2102158e-06
6.874233e-09
1.4688555e-08
6.2061195e-06
6.9237298e-09
1.4504433e-08
6.201999e-06
6.971183e-09
1.432371e-08
6.1978536e-06
7.0164761e-09
1.4146383e-08
6.1936827e-06
7.0595564e-09
1.3972471e-08
6.1894854e-06
7.1003989e-09
1.3801989e-08
6.1852614e-06
7.139004e-09
1.3634921e-08
6.18101e-06
7.1753719e-09
1.3471212e-08
6.1767308e-06
7.2095026e-09
1.3310794e-08
6.1724235e-06
7.2414239e-09
1.3153591e-08
6.1680878e-06
7.2711358e-09
1.2999515e-08
6.1637234e-06
7.298684e-09
1.2848484e-08
6.1593301e-06
7.3240756e-09
1.2700404e-08
6.154908e-06
7.3473518e-09
1.255519e-08
6.1504568e-06
7.3685354e-09
1.2412745e-08
6.1459767e-06
7.3876523e-09
1.2272985e-08
6.1414677e-06
7.4047519e-09
1.2135822e-08
6.1369298e-06
7.4198236e-09
1.2001164e-08
6.1323633e-06
7.4329486e-09
1.1868935e-08
6.1277681e-06
7.4440715e-09
1.1739029e-08
6.1231446e-06
7.4533131e-09
1.1611392e-08
6.1184928e-06
7.460593e-09
1.1485897e-08
6.1138129e-06
7.4659538e-09
1.1362509e-08
6.1091048e-06
7.4695149e-09
1.1241034e-08
6.1043695e-06
7.4703687e-09
1.1121532e-08
6.099603e-06
7.4728952e-09
1.1003589e-08
6.0948236e-06
7.4559653e-09
1.0887035e-08
6.089947e-06
7.5203235e-09
1.078192e-08
6.0854242e-06
7.2150995e-09
1.0524964e-08
6.0793708e-06
9.4143554e-09
1.3122908e-08
5.6613432e-09
8.0496562e-09
6.2368659e-06
3.110496e-09
1.6286863e-08
6.2239963e-06
3.2191852e-09
1.6110368e-08
6.2113547e-06
3.1938186e-09
1.5895074e-08
6.1989845e-06
3.2379138e-09
1.5674385e-08
6.1868826e-06
3.2578445e-09
1.5445759e-08
6.1750414e-06
3.2742445e-09
1.5224087e-08
6.163452e-06
3.2904238e-09
1.5012686e-08
6.1521067e-06
3.3053348e-09
1.4809141e-08
6.140999e-06
3.3186767e-09
1.4611785e-08
6.1301224e-06
3.3306203e-09
1.4420265e-08
6.1194704e-06
3.3413971e-09
1.4234322e-08
6.109037e-06
3.3511297e-09
1.4053428e-08
6.0988166e-06
3.3598642e-09
1.3877053e-08
6.0888036e-06
3.3676665e-09
1.370482e-08
6.078993e-06
3.3745811e-09
1.3536447e-08
6.0693796e-06
3.3806617e-09
1.3371705e-08
6.0599587e-06
3.3859449e-09
1.3210384e-08
6.0507254e-06
3.3904519e-09
1.3052309e-08
6.0416753e-06
3.3942281e-09
1.2897332e-08
6.0328038e-06
3.3972681e-09
1.2745323e-08
6.0241067e-06
3.3996248e-09
1.2596172e-08
6.0155797e-06
3.4012889e-09
1.2449776e-08
6.0072187e-06
3.402297e-09
1.2306049e-08
5.9990197e-06
3.4026552e-09
1.2164901e-08
5.9909787e-06
3.4023702e-09
1.2026262e-08
5.9830919e-06
3.4014883e-09
1.1890057e-08
5.9753555e-06
3.3999581e-09
1.1756214e-08
5.967766e-06
3.3978795e-09
1.1624674e-08
5.9603194e-06
3.3951332e-09
1.1495356e-08
5.9530126e-06
3.3918957e-09
1.1368223e-08
5.9458419e-06
3.3880008e-09
1.124317e-08
5.9388041e-06
3.3835655e-09
1.112019e-08
5.9318958e-06
3.3786093e-09
1.0999111e-08
5.9251137e-06
3.3724846e-09
1.0879991e-08
5.9184554e-06
3.3684931e-09
1.076261e-08
5.9119134e-06
3.3517474e-09
1.0646257e-08
5.9055059e-06
3.3866543e-09
1.0541165e-08
5.8992073e-06
3.2139209e-09
1.0299955e-08
5.8914792e-06
4.2328751e-09
1.2908945e-08
2.5374908e-09
7.6987206e-09
6.2368253e-06
-1.8419914e-16
1.6285133e-08
6.2239261e-06
-7.3888046e-16
1.6118388e-08
6.2111955e-06
-7.8807697e-16
1.5924437e-08
6.1987094e-06
7.3851564e-16
1.5724063e-08
6.1864582e-06
8.6645333e-16
1.550895e-08
6.1744387e-06
-2.2843374e-16
1.5293759e-08
6.1626461e-06
2.5122506e-15
1.5083052e-08
6.1510757e-06
-1.8352847e-15
1.4875762e-08
6.139723e-06
3.1509838e-16
1.4671356e-08
6.1285832e-06
-1.4683057e-15
1.4470385e-08
6.1176513e-06
-3.3823209e-15
1.4273292e-08
6.1069224e-06
-4.5593742e-16
1.4080096e-08
6.0963916e-06
-5.2244056e-15
1.389069e-08
6.0860542e-06
-1.3639882e-15
1.3705016e-08
6.0759057e-06
-3.5149095e-15
1.3523035e-08
6.0659417e-06
-3.5310438e-15
1.3344698e-08
6.0561577e-06
-1.4462176e-15
1.3169927e-08
6.0465495e-06
-8.096431e-15
1.299864e-08
6.037113e-06
6.6724607e-16
1.2830757e-08
6.0278441e-06
-1.2009976e-14
1.2666189e-08
6.0187389e-06
-5.0218608e-15
1.2504857e-08
6.0097935e-06
-1.4274401e-14
1.2346672e-08
6.0010042e-06
-1.5570116e-14
1.2191555e-08
5.9923675e-06
-1.8031596e-14
1.2039416e-08
5.9838797e-06
-3.5874372e-14
1.189018e-08
5.9755375e-06
-2.0472346e-14
1.1743762e-08
5.9673373e-06
-6.2005801e-14
1.1600083e-08
5.9592763e-06
-3.1355042e-14
1.1459068e-08
5.9513507e-06
-1.0926634e-13
1.1320625e-08
5.943558e-06
-5.8361327e-14
1.11847e-08
5.9358948e-06
-1.1832027e-13
1.1051175e-08
5.9283584e-06
-7.3986638e-14
1.0920028e-08
5.920946e-06
-1.5199778e-13
1.0791065e-08
5.9136542e-06
-7.8405017e-14
1.0664356e-08
5.9064833e-06
-1.7878861e-13
1.0539558e-08
5.899419e-06
-6.6048859e-14
1.0416197e-08
5.892501e-06
-1.7070557e-13
1.0304769e-08
5.885663e-06
-7.5793246e-14
1.0052192e-08
5.8772481e-06
-3.841395e-13
1.2647551e-08
1.1517081e-13
7.4796532e-09
6.2368253e-06
-3.1104963e-09
1.6285133e-08
6.2239261e-06
-3.2191867e-09
1.6118388e-08
6.2111955e-06
-3.19382e-09
1.5924437e-08
6.1987094e-06
-3.2379125e-09
1.5724062e-08
6.1864582e-06
-3.2578428e-09
1.550895e-08
6.1744387e-06
-3.2742451e-09
1.5293758e-08
6.1626461e-06
-3.2904191e-09
1.5083052e-08
6.1510757e-06
-3.3053383e-09
1.4875762e-08
6.139723e-06
-3.3186762e-09
1.4671356e-08
6.1285832e-06
-3.330623e-09
1.4470385e-08
6.1176513e-06
-3.3414038e-09
1.4273292e-08
6.1069224e-06
-3.3511304e-09
1.4080097e-08
6.0963916e-06
-3.3598743e-09
1.3890691e-08
6.0860542e-06
-3.3676692e-09
1.3705016e-08
6.0759057e-06
-3.3745877e-09
1.3523035e-08
6.0659417e-06
-3.3806688e-09
1.3344698e-08
6.0561577e-06
-3.3859475e-09
1.3169927e-08
6.0465495e-06
-3.3904679e-09
1.299864e-08
6.037113e-06
-3.3942268e-09
1.2830757e-08
6.0278441e-06
-3.3972917e-09
1.2666189e-08
6.0187389e-06
-3.3996347e-09
1.2504858e-08
6.0097935e-06
-3.4013162e-09
1.2346673e-08
6.0010042e-06
-3.402328e-09
1.2191556e-08
5.9923675e-06
-3.4026891e-09
1.2039417e-08
5.9838797e-06
-3.4024409e-09
1.1890181e-08
5.9755375e-06
-3.4015266e-09
1.1743764e-08
5.9673373e-06
-3.4000804e-09
1.1600085e-08
5.9592762e-06
-3.397939e-09
1.1459071e-08
5.9513507e-06
-3.3953471e-09
1.1320629e-08
5.943558e-06
-3.3920108e-09
1.1184705e-08
5.9358948e-06
-3.38823e-09
1.1051179e-08
5.9283584e-06
-3.3837163e-09
1.0920033e-08
5.920946e-06
-3.3789016e-09
1.0791069e-08
5.9136542e-06
-3.3726494e-09
1.0664359e-08
5.9064832e-06
-3.3688374e-09
1.0539562e-08
5.8994189e-06
-3.3518909e-09
1.0416197e-08
5.8925009e-06
-3.3869873e-09
1.030477e-08
5.8856629e-06
-3.2140785e-09
1.0052186e-08
5.877248e-06
-4.2336292e-09
1.2647556e-08
-2.5372867e-09
7.4796452e-09
6.2368659e-06
-6.2633288e-09
1.6286863e-08
6.2239963e-06
-6.4599121e-09
1.6110368e-08
6.2113547e-06
-6.4472785e-09
1.5895074e-08
6.1989845e-06
-6.542088e-09
1.5674385e-08
6.1868826e-06
-6.6016917e-09
1.5445759e-08
6.1750414e-06
-6.6571874e-09
1.5224087e-08
6.163452e-06
-6.713695e-09
1.5012686e-08
6.1521067e-06
-6.7692146e-09
1.4809141e-08
6.140999e-06
-6.8227507e-09
1.4611785e-08
6.1301224e-06
-6.8742352e-09
1.4420265e-08
6.1194704e-06
-6.9237363e-09
1.4234322e-08
6.109037e-06
-6.971184e-09
1.4053428e-08
6.0988166e-06
-7.0164862e-09
1.3877054e-08
6.0888036e-06
-7.0595602e-09
1.370482e-08
6.078993e-06
-7.1004063e-09
1.3536448e-08
6.0693796e-06
-7.1390124e-09
1.3371706e-08
6.0599587e-06
-7.1753757e-09
1.3210385e-08
6.0507254e-06
-7.2095196e-09
1.305231e-08
6.0416753e-06
-7.2414243e-09
1.2897333e-08
6.0328038e-06
-7.2711599e-09
1.2745324e-08
6.0241067e-06
-7.2986956e-09
1.2596174e-08
6.0155797e-06
-7.324103e-09
1.2449779e-08
6.0072187e-06
-7.3473877e-09
1.2306052e-08
5.9990197e-06
-7.368572e-09
1.2164905e-08
5.9909787e-06
-7.3877286e-09
1.2026267e-08
5.9830919e-06
-7.4047962e-09
1.1890063e-08
5.9753555e-06
-7.4199592e-09
1.1756222e-08
5.967766e-06
-7.4330222e-09
1.1624684e-08
5.9603194e-06
-7.4443039e-09
1.1495368e-08
5.9530127e-06
-7.4534669e-09
1.1368237e-08
5.945842e-06
-7.4608352e-09
1.1243186e-08
5.9388042e-06
-7.4661545e-09
1.1120205e-08
5.9318959e-06
-7.469813e-09
1.099913e-08
5.9251138e-06
-7.4705947e-09
1.0880004e-08
5.9184555e-06
-7.4732465e-09
1.076263e-08
5.9119136e-06
-7.4561777e-09
1.0646265e-08
5.9055061e-06
-7.5206603e-09
1.0541182e-08
5.8992075e-06
-7.215295e-09
1.0299963e-08
5.8914794e-06
-9.4150585e-09
1.2908964e-08
-5.6612167e-09
7.6987323e-09
6.2461249e-06
-1.8677496e-08
1.6289251e-08
6.2422055e-06
-1.8711784e-08
1.6171281e-08
6.2382823e-06
-1.8540082e-08
1.6015996e-08
6.234332e-06
-1.8433966e-08
1.5842137e-08
6.2303632e-06
-1.8281151e-08
1.5648282e-08
6.2263756e-06
-1.8121271e-08
1.5451648e-08
6.222368e-06
-1.7963761e-08
1.5257726e-08
6.2183393e-06
-1.7806423e-08
1.5065897e-08
6.2142888e-06
-1.7648214e-08
1.4875917e-08
6.2102159e-06
-1.7489816e-08
1.4688556e-08
6.2061195e-06
-1.7331853e-08
1.4504434e-08
6.2019991e-06
-1.7174431e-08
1.432371e-08
6.1978537e-06
-1.7017503e-08
1.4146384e-08
6.1936827e-06
-1.6861059e-08
1.3972471e-08
6.1894855e-06
-1.670518e-08
1.3801989e-08
6.1852615e-06
-1.6549891e-08
1.3634922e-08
6.1810101e-06
-1.6395216e-08
1.3471213e-08
6.1767309e-06
-1.6241169e-08
1.3310795e-08
6.1724237e-06
-1.6087732e-08
1.3153591e-08
6.1680879e-06
-1.5934963e-08
1.2999517e-08
6.1637236e-06
-1.5782808e-08
1.2848486e-08
6.1593304e-06
-1.563132e-08
1.2700407e-08
6.1549082e-06
-1.5480469e-08
1.2555195e-08
6.1504572e-06
-1.5330251e-08
1.241275e-08
6.1459771e-06
-1.5180694e-08
1.2272994e-08
6.1414682e-06
-1.5031708e-08
1.2135831e-08
6.1369305e-06
-1.488343e-08
1.2001177e-08
6.1323642e-06
-1.4735587e-08
1.1868949e-08
6.1277691e-06
-1.4588465e-08
1.173905e-08
6.1231459e-06
-1.4441602e-08
1.1611417e-08
6.1184942e-06
-1.4295236e-08
1.1485916e-08
6.1138146e-06
-1.4149091e-08
1.1362537e-08
6.1091068e-06
-1.4003159e-08
1.1241054e-08
6.1043718e-06
-1.3857151e-08
1.112156e-08
6.0996056e-06
-1.3710709e-08
1.1003612e-08
6.0948265e-06
-1.3564089e-08
1.0887056e-08
6.0899503e-06
-1.3426447e-08
1.0781942e-08
6.0854278e-06
-1.3217575e-08
1.0524976e-08
6.0793749e-06
-1.6485568e-08
1.3122948e-08
-9.6567223e-09
8.0496345e-09
6.2150335e-06
1.6289016e-08
6.1801705e-06
1.6151155e-08
6.1456569e-06
1.5973575e-08
6.1114427e-06
1.5780159e-08
6.0775902e-06
1.5571401e-08
6.0441048e-06
1.5364076e-08
6.0109784e-06
1.5162646e-08
5.9782066e-06
1.4965416e-08
5.9457871e-06
1.4771295e-08
5.9137168e-06
1.4580474e-08
5.8819918e-06
1.4393149e-08
5.8506082e-06
1.4209143e-08
5.8195625e-06
1.4028201e-08
5.7888513e-06
1.3850161e-08
5.7584712e-06
1.3674927e-08
5.7284189e-06
1.3502409e-08
5.6986911e-06
1.3332513e-08
5.6692848e-06
1.3165154e-08
5.6401968e-06
1.3000261e-08
5.6114241e-06
1.2837764e-08
5.5829637e-06
1.2677607e-08
5.5548126e-06
1.2519727e-08
5.5269681e-06
1.2364077e-08
5.4994272e-06
1.2210599e-08
5.4721873e-06
1.2059252e-08
5.4452456e-06
1.1909986e-08
5.4185994e-06
1.1762752e-08
5.3922463e-06
1.1617517e-08
5.3661836e-06
1.1474218e-08
5.3404091e-06
1.1332842e-08
5.3149205e-06
1.1193298e-08
5.2897158e-06
1.1055597e-08
5.264793e-06
1.0919605e-08
5.2401505e-06
1.0785393e-08
5.215787e-06
1.0652735e-08
5.1917018e-06
1.0521165e-08
5.167874e-06
1.0401274e-08
5.144518e-06
1.0138583e-08
5.1156338e-06
1.2398296e-08
7.8789356e-09
6.2476046e-06
1.8684425e-08
-9.7661262e-17
6.2450089e-06
1.8746795e-08
-4.3352976e-16
6.2423833e-06
1.859919e-08
-5.418624e-16
6.2396513e-06
1.8512175e-08
5.5024601e-16
6.2368415e-06
1.8381174e-08
3.6389846e-16
6.2339589e-06
1.8246671e-08
8.3374815e-17
6.231004e-06
1.8117562e-08
1.3683157e-15
6.2279782e-06
1.799117e-08
-1.2899681e-15
6.2248835e-06
1.7866051e-08
2.4890904e-16
6.2217215e-06
1.7742449e-08
-1.5952662e-15
6.218494e-06
1.7620649e-08
-2.1448354e-15
6.2152027e-06
1.7500502e-08
-1.2910294e-15
6.2118491e-06
1.7381743e-08
-3.8855761e-15
6.2084351e-06
1.7264219e-08
-1.871357e-15
6.2049621e-06
1.7147844e-08
-3.7505801e-15
6.201432e-06
1.7032544e-08
-2.9232675e-15
6.1978463e-06
1.6918238e-08
-3.4567144e-15
6.1942066e-06
1.6804853e-08
-5.9665097e-15
6.1905145e-06
1.6692335e-08
-2.7269396e-15
6.1867716e-06
1.6580628e-08
-9.5753451e-15
6.1829795e-06
1.6469695e-08
-7.8880469e-15
6.1791398e-06
1.635949e-08
-1.371349e-14
6.1752539e-06
1.6249981e-08
-1.7927317e-14
6.1713234e-06
1.6141127e-08
-2.1241102e-14
6.1673497e-06
1.60329e-08
-3.6087043e-14
6.1633345e-06
1.5925259e-08
-2.9630989e-14
6.159279e-06
1.5818162e-08
-6.5147251e-14
6.1551851e-06
1.5711562e-08
-4.838202e-14
6.1510538e-06
1.5605391e-08
-1.1223186e-13
6.1468871e-06
1.549959e-08
-8.1860568e-14
6.1426863e-06
1.5394056e-08
-1.4017057e-13
6.1384533e-06
1.5288684e-08
-1.0618774e-13
6.1341896e-06
1.5183299e-08
-1.8798382e-13
6.1298973e-06
1.5077813e-08
-1.2965889e-13
6.1255785e-06
1.4971639e-08
-2.3674892e-13
6.1212344e-06
1.4865399e-08
-1.4501874e-13
6.1168691e-06
1.4766686e-08
-2.6004749e-13
6.1124214e-06
1.4586699e-08
-2.0424938e-13
6.106919e-06
1.7900251e-08
-4.2736455e-13
1.1195434e-08
-1.1971767e-14
6.2787151e-06
6.2585809e-09
-9.5520331e-17
6.3071268e-06
6.5062932e-09
-4.2823814e-16
6.3352052e-06
6.5368619e-09
-5.2293889e-16
6.3628994e-06
6.6600538e-09
4.9409529e-16
6.3901866e-06
6.7423093e-09
3.8279267e-16
6.4170678e-06
6.8170967e-09
6.0196048e-17
6.4435527e-06
6.8903637e-09
1.4112802e-15
6.4696491e-06
6.9606829e-09
-1.1781941e-15
6.4953635e-06
7.0275544e-09
3.0136844e-16
6.5207032e-06
7.0912736e-09
-1.4483053e-15
6.5456761e-06
7.152224e-09
-2.0865135e-15
6.5702897e-06
7.2106042e-09
-1.2084623e-15
6.5945513e-06
7.2665095e-09
-3.7747599e-15
6.618468e-06
7.3200527e-09
-1.838581e-15
6.6420465e-06
7.371338e-09
-3.5377777e-15
6.6652934e-06
7.4204657e-09
-2.8511647e-15
6.6882154e-06
7.4675139e-09
-3.0699543e-15
6.7108185e-06
7.5125435e-09
-5.6559776e-15
6.7331088e-06
7.5556276e-09
-2.1555817e-15
6.7550921e-06
7.5968026e-09
-8.7337761e-15
6.7767742e-06
7.6361392e-09
-6.5275671e-15
6.7981604e-06
7.6736649e-09
-1.2008079e-14
6.8192562e-06
7.7094352e-09
-1.5178382e-14
6.8400666e-06
7.7434808e-09
-1.7844966e-14
6.8605966e-06
7.7758375e-09
-3.0485131e-14
6.8808512e-06
7.8065528e-09
-2.3759442e-14
6.9008349e-06
7.8356268e-09
-5.4499108e-14
6.9205524e-06
7.8631295e-09
-3.7522952e-14
6.9400077e-06
7.8890205e-09
-9.2782444e-14
6.9592054e-06
7.9134005e-09
-6.3980569e-14
6.9781491e-06
7.9362052e-09
-1.1162827e-13
6.9968429e-06
7.9574678e-09
-7.9153213e-14
7.01529e-06
7.9773024e-09
-1.4408358e-13
7.0334946e-06
7.9948686e-09
-8.9411353e-14
7.0514557e-06
8.0142443e-09
-1.7179306e-13
7.0691926e-06
8.0156142e-09
-8.746499e-14
7.0866474e-06
8.093903e-09
-1.6996162e-13
7.1039373e-06
7.8221076e-09
-1.035786e-13
7.1251872e-06
9.7729847e-09
-2.7590372e-13
6.617299e-09
1.0788847e-13
6.2694356e-06
3.109786e-09
-9.6038285e-17
6.2888125e-06
3.2397841e-09
-4.1090096e-16
6.3080205e-06
3.2239752e-09
-5.3032142e-16
6.3270842e-06
3.2706927e-09
5.0354423e-16
6.3459779e-06
3.2943874e-09
3.7320655e-16
6.3647023e-06
3.316737e-09
5.1622619e-17
6.3832647e-06
3.3406573e-09
1.3780635e-15
6.4016699e-06
3.3646706e-09
-1.2362829e-15
6.4199211e-06
3.3881405e-09
2.7739988e-16
6.4380216e-06
3.4109852e-09
-1.5221683e-15
6.4559749e-06
3.4332428e-09
-2.046428e-15
6.4737841e-06
3.454889e-09
-1.2013216e-15
6.4914518e-06
3.4758587e-09
-3.7010567e-15
6.5089805e-06
3.4961297e-09
-1.749246e-15
6.5263726e-06
3.5156791e-09
-3.4900157e-15
6.5436303e-06
3.5345077e-09
-2.7367181e-15
6.5607556e-06
3.5526129e-09
-3.0954907e-15
6.5777504e-06
3.5699864e-09
-5.6404816e-15
6.5946168e-06
3.5866511e-09
-2.2146586e-15
6.6113563e-06
3.6025866e-09
-8.8953891e-15
6.6279708e-06
3.617833e-09
-6.6324543e-15
6.6444619e-06
3.6323732e-09
-1.238651e-14
6.6608311e-06
3.646239e-09
-1.5317115e-14
6.6770801e-06
3.6594307e-09
-1.8368622e-14
6.6932102e-06
3.6719568e-09
-3.0874622e-14
6.7092231e-06
3.6838552e-09
-2.449696e-14
6.7251198e-06
3.6950858e-09
-5.5505809e-14
6.740902e-06
3.7057332e-09
-3.8605239e-14
6.7565706e-06
3.7157003e-09
-9.4752557e-14
6.7721271e-06
3.7251372e-09
-6.507559e-14
6.7875726e-06
3.733909e-09
-1.1505908e-13
6.8029082e-06
3.7421101e-09
-8.1051817e-14
6.8181349e-06
3.7497749e-09
-1.4957977e-13
6.8332536e-06
3.756321e-09
-9.3098618e-14
6.8482659e-06
3.7646333e-09
-1.7943849e-13
6.863166e-06
3.7619424e-09
-9.3588899e-14
6.8779981e-06
3.8031075e-09
-1.7918938e-13
6.8924544e-06
3.6660282e-09
-1.1421186e-13
6.9105941e-06
4.5419386e-09
-2.697287e-13
3.1431997e-09
6.3302642e-14
6.2693949e-06
-1.8168449e-16
-9.2631776e-17
6.2887531e-06
-7.1739373e-16
-3.8881624e-16
6.3079015e-06
-7.1550256e-16
-5.1844028e-16
6.3268962e-06
7.2520214e-16
4.7123469e-16
6.3456996e-06
9.9611357e-16
3.8009165e-16
6.3643101e-06
-1.8340465e-16
7.2579226e-17
6.3827338e-06
2.4123228e-15
1.3612293e-15
6.4009742e-06
-1.8134311e-15
-1.1763109e-15
6.4190337e-06
5.8979783e-17
2.5532809e-16
6.4369151e-06
-1.5704931e-15
-1.5470612e-15
6.4546216e-06
-3.4019361e-15
-2.0600278e-15
6.4721566e-06
-4.9417221e-16
-1.2936711e-15
6.4895231e-06
-4.8358121e-15
-3.6750813e-15
6.5067243e-06
-1.1607606e-15
-1.7739656e-15
6.523763e-06
-2.8482717e-15
-3.4181884e-15
6.5406422e-06
-3.0184271e-15
-2.606678e-15
6.5573648e-06
-7.1000132e-16
-2.9300636e-15
6.5739334e-06
-7.2709889e-15
-5.3323652e-15
6.5903508e-06
1.2130663e-15
-1.9386147e-15
6.6066196e-06
-1.0938454e-14
-8.4965251e-15
6.6227423e-06
-3.9081786e-15
-6.1274801e-15
6.6387214e-06
-1.3038359e-14
-1.1948042e-14
6.6545592e-06
-1.310866e-14
-1.4523514e-14
6.6702581e-06
-1.5920492e-14
-1.767559e-14
6.6858202e-06
-3.0577301e-14
-2.946577e-14
6.7012479e-06
-1.775502e-14
-2.3302878e-14
6.7165431e-06
-5.2633013e-14
-5.3301248e-14
6.7317081e-06
-2.6509211e-14
-3.6378473e-14
6.7467444e-06
-9.2698781e-14
-9.0822264e-14
6.7616544e-06
-4.9896499e-14
-6.0798138e-14
6.7764396e-06
-9.9240772e-14
-1.0943718e-13
6.7911018e-06
-6.4574999e-14
-7.4973822e-14
6.8056429e-06
-1.289254e-13
-1.4144219e-13
6.8200637e-06
-7.2485178e-14
-8.5296682e-14
6.8343681e-06
-1.5344541e-13
-1.6746505e-13
6.8485465e-06
-6.84212e-14
-8.2939003e-14
6.8626546e-06
-1.4990337e-13
-1.6141533e-13
6.8763732e-06
-8.4647036e-14
-9.7540193e-14
6.8935628e-06
-3.3281421e-13
-2.3627259e-13
6.2881496e-14
9.3962766e-14
6.2693949e-06
-3.1097863e-09
-9.143154e-17
6.2887531e-06
-3.2397856e-09
-3.811214e-16
6.3079015e-06
-3.2239764e-09
-4.6889935e-16
6.3268962e-06
-3.2706914e-09
3.6569298e-16
6.3456996e-06
-3.2943854e-09
3.5890638e-16
6.3643101e-06
-3.3167374e-09
-7.5837015e-18
6.3827338e-06
-3.3406526e-09
1.2766131e-15
6.4009742e-06
-3.3646741e-09
-1.0626764e-15
6.4190337e-06
-3.3881404e-09
2.9131288e-16
6.4369151e-06
-3.4109881e-09
-1.3168784e-15
6.4546216e-06
-3.4332495e-09
-1.8943751e-15
6.4721566e-06
-3.4548899e-09
-1.1608871e-15
6.4895231e-06
-3.4758683e-09
-3.5338543e-15
6.5067243e-06
-3.4961321e-09
-1.806585e-15
6.523763e-06
-3.5156847e-09
-3.3702814e-15
6.5406422e-06
-3.5345138e-09
-2.7458974e-15
6.5573648e-06
-3.552614e-09
-2.9271769e-15
6.5739334e-06
-3.5700006e-09
-5.3964604e-15
6.5903508e-06
-3.5866483e-09
-1.8497991e-15
6.6066196e-06
-3.6026077e-09
-8.3809217e-15
6.6227423e-06
-3.6178402e-09
-5.7531941e-15
6.6387214e-06
-3.6323977e-09
-1.1597663e-14
6.6545592e-06
-3.646265e-09
-1.3960224e-14
6.6702581e-06
-3.6594603e-09
-1.71538e-14
6.6858202e-06
-3.6720173e-09
-2.8637146e-14
6.7012479e-06
-3.6838879e-09
-2.270916e-14
6.7165431e-06
-3.6951901e-09
-5.2310802e-14
6.7317081e-06
-3.7057828e-09
-3.5715368e-14
6.7467444e-06
-3.7158826e-09
-8.9221857e-14
6.7616544e-06
-3.7252353e-09
-5.9954087e-14
6.7764396e-06
-3.7341003e-09
-1.0694074e-13
6.7911018e-06
-3.7422406e-09
-7.5061453e-14
6.8056429e-06
-3.7500205e-09
-1.3862076e-13
6.8200637e-06
-3.7564705e-09
-8.8137051e-14
6.8343681e-06
-3.7649256e-09
-1.6563601e-13
6.8485465e-06
-3.7620845e-09
-8.9346213e-14
6.8626546e-06
-3.803393e-09
-1.6099649e-13
6.8763732e-06
-3.6661946e-09
-1.0659875e-13
6.8935627e-06
-4.5425794e-09
-2.3162858e-13
-3.1430911e-09
8.8704336e-14
6.2694356e-06
-6.2585812e-09
-8.1461416e-17
6.2888125e-06
-6.5062946e-09
-4.2844511e-16
6.3080205e-06
-6.5368628e-09
-3.8962191e-16
6.3270842e-06
-6.660053e-09
3.573025e-16
6.3459779e-06
-6.7423075e-09
4.4485199e-16
6.3647023e-06
-6.8170971e-09
-1.8488268e-17
6.3832647e-06
-6.8903596e-09
1.1060889e-15
6.4016699e-06
-6.9606858e-09
-1.1725689e-15
6.4199211e-06
-7.0275543e-09
1.7483466e-17
6.4380216e-06
-7.0912761e-09
-1.4244271e-15
6.4559749e-06
-7.1522303e-09
-1.9449729e-15
6.4737841e-06
-7.2106054e-09
-1.1217636e-15
6.4914518e-06
-7.266519e-09
-3.3250433e-15
6.5089805e-06
-7.3200561e-09
-1.6731504e-15
6.5263726e-06
-7.3713444e-09
-3.0411621e-15
6.5436303e-06
-7.4204731e-09
-2.6289065e-15
6.5607556e-06
-7.4675166e-09
-2.6831628e-15
6.5777504e-06
-7.5125586e-09
-5.4111721e-15
6.5946168e-06
-7.555627e-09
-1.767961e-15
6.6113563e-06
-7.5968242e-09
-8.4598666e-15
6.6279708e-06
-7.6361485e-09
-5.572815e-15
6.6444619e-06
-7.6736897e-09
-1.1435771e-14
6.6608311e-06
-7.7094653e-09
-1.3555315e-14
6.6770801e-06
-7.7435131e-09
-1.6458793e-14
6.6932103e-06
-7.7759023e-09
-2.7807074e-14
6.7092231e-06
-7.8065913e-09
-2.1412166e-14
6.7251198e-06
-7.8357414e-09
-5.0938995e-14
6.7409021e-06
-7.8631919e-09
-3.3754587e-14
6.7565707e-06
-7.8892167e-09
-8.7035088e-14
6.7721273e-06
-7.9135296e-09
-5.8386475e-14
6.7875728e-06
-7.9364104e-09
-1.0361038e-13
6.8029084e-06
-7.957637e-09
-7.4914477e-14
6.8181352e-06
-7.9775575e-09
-1.3483725e-13
6.8332539e-06
-7.9950625e-09
-9.1555933e-14
6.8482663e-06
-8.0145443e-09
-1.6422087e-13
6.8631663e-06
-8.0158027e-09
-9.975331e-14
6.8779985e-06
-8.0941899e-09
-1.6695353e-13
6.8924549e-06
-7.8222906e-09
-1.2734217e-13
6.9105946e-06
-9.7735661e-09
-2.4680799e-13
-6.6172048e-09
4.6768482e-14
6.2787151e-06
-1.8684426e-08
-6.1991254e-17
6.3071268e-06
-1.8746797e-08
-4.4181442e-16
6.3352052e-06
-1.859919e-08
-4.8898924e-16
6.3628994e-06
-1.8512173e-08
1.7814401e-16
6.3901866e-06
-1.8381172e-08
4.8741025e-16
6.4170678e-06
-1.8246669e-08
5.6036406e-17
6.4435527e-06
-1.8117559e-08
1.3703298e-15
6.4696491e-06
-1.7991177e-08
-8.831042e-16
6.4953635e-06
-1.7866056e-08
2.3392699e-16
6.5207033e-06
-1.7742461e-08
-1.2418709e-15
6.5456761e-06
-1.7620666e-08
-1.9630259e-15
6.5702898e-06
-1.7500516e-08
-1.1189659e-15
6.5945514e-06
-1.7381765e-08
-3.3806747e-15
6.618468e-06
-1.7264235e-08
-1.6919375e-15
6.6420465e-06
-1.7147864e-08
-2.9682196e-15
6.6652935e-06
-1.7032562e-08
-2.5784526e-15
6.6882155e-06
-1.6918254e-08
-2.4148556e-15
6.7108186e-06
-1.6804879e-08
-5.104952e-15
6.7331089e-06
-1.669235e-08
-1.5793671e-15
6.7550923e-06
-1.6580668e-08
-7.986939e-15
6.7767744e-06
-1.6469733e-08
-5.2972044e-15
6.7981607e-06
-1.6359552e-08
-1.0793104e-14
6.8192564e-06
-1.6250061e-08
-1.3555646e-14
6.8400669e-06
-1.6141225e-08
-1.5579041e-14
6.8605971e-06
-1.603304e-08
-2.7221036e-14
6.8808518e-06
-1.5925399e-08
-2.0930405e-14
6.9008356e-06
-1.5818401e-08
-4.9792729e-14
6.9205532e-06
-1.5711778e-08
-3.3453434e-14
6.9400088e-06
-1.5605763e-08
-8.3757054e-14
6.9592067e-06
-1.5499928e-08
-5.999483e-14
6.9781506e-06
-1.5394453e-08
-9.8245493e-14
6.9968447e-06
-1.52891e-08
-8.053351e-14
7.0152921e-06
-1.5183794e-08
-1.2691626e-13
7.0334969e-06
-1.5078314e-08
-1.0039917e-13
7.0514584e-06
-1.4972231e-08
-1.5257669e-13
7.0691957e-06
-1.4865921e-08
-1.080521e-13
7.0866508e-06
-1.476726e-08
-1.507063e-13
7.1039411e-06
-1.4587232e-08
-1.2398736e-13
7.1251912e-06
-1.7901009e-08
-2.2356049e-13
-1.1195493e-08
6.6767789e-14
6.2476046e-06
-1.0944076e-16
6.2450089e-06
-5.4165411e-16
6.2423833e-06
1.1154472e-16
6.2396513e-06
1.0802059e-16
6.2368415e-06
5.0661215e-16
6.2339589e-06
-3.2562954e-16
6.231004e-06
9.6467116e-16
6.2279782e-06
-1.1056851e-15
6.2248835e-06
-4.5129053e-17
6.2217215e-06
-9.4571244e-16
6.218494e-06
-2.2822351e-15
6.2152026e-06
-7.931801e-16
6.211849e-06
-3.7956899e-15
6.208435e-06
-1.9213216e-15
6.204962e-06
-3.0937914e-15
6.2014319e-06
-3.2424919e-15
6.1978461e-06
-1.8797057e-15
6.1942064e-06
-5.7034538e-15
6.1905143e-06
-2.6741585e-17
6.1867714e-06
-7.7952875e-15
6.1829793e-06
-3.3510101e-15
6.1791395e-06
-8.7234107e-15
6.1752535e-06
-1.3237925e-14
6.1713229e-06
-1.232332e-14
6.1673491e-06
-2.8265259e-14
6.1633338e-06
-1.5928488e-14
6.1592781e-06
-5.5129246e-14
6.1551839e-06
-2.9229334e-14
6.1510524e-06
-9.4718894e-14
6.1468854e-06
-6.2525059e-14
6.1426843e-06
-9.7965976e-14
6.1384508e-06
-9.0243753e-14
6.1341868e-06
-1.3017711e-13
6.1298939e-06
-1.2960161e-13
6.1255746e-06
-1.8182169e-13
6.12123e-06
-1.6714914e-13
6.1168643e-06
-2.1879297e-13
6.112416e-06
-2.1854731e-13
6.1069133e-06
-3.8017069e-13
-8.3827345e-14
6.2476046e-06
1.8684425e-08
-1.6289017e-08
6.2450089e-06
1.8746795e-08
-1.6151157e-08
6.2423833e-06
1.859919e-08
-1.5973575e-08
6.2396513e-06
1.8512175e-08
-1.5780156e-08
6.2368415e-06
1.8381174e-08
-1.55714e-08
6.2339589e-06
1.8246671e-08
-1.5364074e-08
6.231004e-06
1.8117561e-08
-1.5162643e-08
6.2279782e-06
1.799117e-08
-1.4965422e-08
6.2248835e-06
1.7866051e-08
-1.4771299e-08
6.2217215e-06
1.7742449e-08
-1.4580486e-08
6.218494e-06
1.7620649e-08
-1.4393165e-08
6.2152027e-06
1.7500502e-08
-1.4209158e-08
6.2118492e-06
1.7381743e-08
-1.4028223e-08
6.2084351e-06
1.7264219e-08
-1.3850178e-08
6.2049622e-06
1.7147844e-08
-1.3674948e-08
6.2014321e-06
1.7032544e-08
-1.3502427e-08
6.1978464e-06
1.6918238e-08
-1.3332531e-08
6.1942067e-06
1.6804853e-08
-1.3165181e-08
6.1905146e-06
1.6692335e-08
-1.3000278e-08
6.1867718e-06
1.6580628e-08
-1.2837805e-08
6.1829797e-06
1.6469695e-08
-1.2677646e-08
6.17914e-06
1.635949e-08
-1.251979e-08
6.1752542e-06
1.6249981e-08
-1.2364162e-08
6.1713237e-06
1.6141128e-08
-1.22107e-08
6.1673502e-06
1.60329e-08
-1.2059404e-08
6.1633351e-06
1.5925261e-08
-1.1910133e-08
6.1592798e-06
1.5818163e-08
-1.176302e-08
6.155186e-06
1.5711564e-08
-1.1617752e-08
6.151055e-06
1.5605393e-08
-1.1474646e-08
6.1468885e-06
1.5499592e-08
-1.1333222e-08
6.142688e-06
1.5394057e-08
-1.1193787e-08
6.1384552e-06
1.5288684e-08
-1.1056083e-08
6.1341919e-06
1.5183298e-08
-1.0920243e-08
6.1299e-06
1.5077808e-08
-1.0786008e-08
6.1255816e-06
1.4971629e-08
-1.0653544e-08
6.121238e-06
1.486538e-08
-1.0521867e-08
6.1168732e-06
1.4766653e-08
-1.0402163e-08
6.112426e-06
1.4586665e-08
-1.0139415e-08
6.1069244e-06
1.7900173e-08
-1.2399638e-08
1.1195276e-08
-7.879151e-09
6.2787151e-06
6.2585809e-09
-1.6289251e-08
6.3071268e-06
6.5062932e-09
-1.6171284e-08
6.3352052e-06
6.5368619e-09
-1.6015997e-08
6.3628994e-06
6.6600537e-09
-1.5842134e-08
6.3901866e-06
6.7423093e-09
-1.564828e-08
6.4170678e-06
6.8170966e-09
-1.5451646e-08
6.4435527e-06
6.8903637e-09
-1.5257722e-08
6.4696491e-06
6.960683e-09
-1.5065902e-08
6.4953635e-06
7.0275544e-09
-1.4875921e-08
6.5207033e-06
7.0912737e-09
-1.4688568e-08
6.5456761e-06
7.152224e-09
-1.4504449e-08
6.5702898e-06
7.2106042e-09
-1.4323725e-08
6.5945514e-06
7.2665095e-09
-1.4146406e-08
6.618468e-06
7.3200526e-09
-1.3972489e-08
6.6420465e-06
7.3713379e-09
-1.3802011e-08
6.6652935e-06
7.4204655e-09
-1.3634941e-08
6.6882155e-06
7.4675136e-09
-1.3471232e-08
6.7108186e-06
7.5125432e-09
-1.3310822e-08
6.7331089e-06
7.5556272e-09
-1.3153609e-08
6.7550923e-06
7.5968023e-09
-1.2999556e-08
6.7767744e-06
7.6361389e-09
-1.2848525e-08
6.7981607e-06
7.6736644e-09
-1.2700467e-08
6.8192564e-06
7.7094347e-09
-1.2555274e-08
6.8400669e-06
7.7434801e-09
-1.2412845e-08
6.8605971e-06
7.7758369e-09
-1.2273133e-08
6.8808518e-06
7.8065517e-09
-1.2135967e-08
6.9008356e-06
7.8356258e-09
-1.2001417e-08
6.9205532e-06
7.8631281e-09
-1.186916e-08
6.9400088e-06
7.8890194e-09
-1.1739427e-08
6.9592067e-06
7.9133989e-09
-1.1611749e-08
6.9781506e-06
7.9362028e-09
-1.1486341e-08
6.9968447e-06
7.9574653e-09
-1.1362937e-08
7.015292e-06
7.9772985e-09
-1.124158e-08
7.0334969e-06
7.9948641e-09
-1.1122023e-08
7.0514583e-06
8.014238e-09
-1.1004221e-08
7.0691955e-06
8.0156062e-09
-1.0887518e-08
7.0866506e-06
8.0938923e-09
-1.0782517e-08
7.1039408e-06
7.8220945e-09
-1.0525441e-08
7.1251907e-06
9.77298e-09
-1.3123648e-08
6.6172428e-09
-8.0495054e-09
6.2694356e-06
3.109786e-09
-1.6286863e-08
6.2888125e-06
3.2397841e-09
-1.611037e-08
6.3080205e-06
3.2239751e-09
-1.5895075e-08
6.3270842e-06
3.2706925e-09
-1.5674383e-08
6.3459779e-06
3.2943873e-09
-1.5445758e-08
6.3647023e-06
3.3167369e-09
-1.5224085e-08
6.3832647e-06
3.3406574e-09
-1.5012682e-08
6.4016699e-06
3.3646708e-09
-1.4809147e-08
6.4199211e-06
3.3881406e-09
-1.4611789e-08
6.4380217e-06
3.4109853e-09
-1.4420278e-08
6.455975e-06
3.4332429e-09
-1.4234338e-08
6.4737841e-06
3.454889e-09
-1.4053443e-08
6.4914518e-06
3.4758586e-09
-1.3877076e-08
6.5089806e-06
3.4961295e-09
-1.3704837e-08
6.5263727e-06
3.5156788e-09
-1.3536469e-08
6.5436304e-06
3.5345074e-09
-1.3371724e-08
6.5607557e-06
3.5526125e-09
-1.3210404e-08
6.5777506e-06
3.569986e-09
-1.3052337e-08
6.5946169e-06
3.5866505e-09
-1.2897351e-08
6.6113564e-06
3.6025861e-09
-1.2745364e-08
6.627971e-06
3.6178324e-09
-1.2596213e-08
6.6444621e-06
3.6323723e-09
-1.244984e-08
6.6608314e-06
3.6462381e-09
-1.2306134e-08
6.6770805e-06
3.6594295e-09
-1.2165002e-08
6.6932107e-06
3.6719556e-09
-1.2026411e-08
6.7092236e-06
3.6838532e-09
-1.1890204e-08
6.7251205e-06
3.6950838e-09
-1.1756471e-08
6.7409028e-06
3.7057306e-09
-1.1624903e-08
6.7565716e-06
3.7156978e-09
-1.149576e-08
6.7721284e-06
3.7251335e-09
-1.1368585e-08
6.7875741e-06
3.7339047e-09
-1.1243624e-08
6.80291e-06
3.7421046e-09
-1.1120628e-08
6.818137e-06
3.7497692e-09
-1.0999675e-08
6.8332559e-06
3.7563131e-09
-1.0880502e-08
6.8482686e-06
3.7646266e-09
-1.0763274e-08
6.863169e-06
3.761932e-09
-1.0646776e-08
6.8780014e-06
3.8031002e-09
-1.0541813e-08
6.8924581e-06
3.6660173e-09
-1.0300479e-08
6.910598e-06
4.5419361e-09
-1.2909751e-08
3.1431764e-09
-7.6987267e-09
6.2693949e-06
-1.6686591e-16
-1.6285133e-08
6.2887531e-06
-7.1342343e-16
-1.6118391e-08
6.3079015e-06
-8.2786703e-16
-1.5924438e-08
6.3268962e-06
5.3780007e-16
-1.572406e-08
6.3456996e-06
9.2750748e-16
-1.5508949e-08
6.36431e-06
-2.0455102e-16
-1.5293757e-08
6.3827338e-06
2.5536987e-15
-1.5083048e-08
6.4009742e-06
-1.5627216e-15
-1.4875768e-08
6.4190337e-06
2.6670711e-16
-1.467136e-08
6.4369151e-06
-1.3741532e-15
-1.4470397e-08
6.4546216e-06
-3.3795327e-15
-1.4273308e-08
6.4721566e-06
-5.680908e-16
-1.4080111e-08
6.4895232e-06
-5.0431856e-15
-1.3890713e-08
6.5067244e-06
-1.4884982e-15
-1.3705033e-08
6.5237631e-06
-3.2256742e-15
-1.3523057e-08
6.5406423e-06
-3.4980281e-15
-1.3344717e-08
6.5573649e-06
-1.1540367e-15
-1.3169946e-08
6.5739335e-06
-7.8497698e-15
-1.2998666e-08
6.5903509e-06
6.0986004e-16
-1.2830773e-08
6.6066197e-06
-1.1664721e-14
-1.2666229e-08
6.6227425e-06
-4.6537004e-15
-1.2504896e-08
6.6387216e-06
-1.4177815e-14
-1.2346734e-08
6.6545594e-06
-1.4424179e-14
-1.2191637e-08
6.6702584e-06
-1.7530255e-14
-1.2039513e-08
6.6858206e-06
-3.2377678e-14
-1.1890323e-08
6.7012485e-06
-2.0214164e-14
-1.1743902e-08
6.7165438e-06
-5.5321972e-14
-1.160033e-08
6.7317089e-06
-2.9558253e-14
-1.1459286e-08
6.7467454e-06
-9.5665334e-14
-1.1321013e-08
6.7616556e-06
-5.4459649e-14
-1.1185044e-08
6.776441e-06
-1.0377967e-13
-1.1051606e-08
6.7911035e-06
-7.1471727e-14
-1.0920441e-08
6.8056448e-06
-1.3428181e-13
-1.0791596e-08
6.8200659e-06
-8.1430864e-14
-1.0664833e-08
6.8343707e-06
-1.5770151e-13
-1.0540174e-08
6.8485493e-06
-7.7469643e-14
-1.0416666e-08
6.8626577e-06
-1.5116875e-13
-1.0305343e-08
6.8763766e-06
-8.9375851e-14
-1.0052635e-08
6.8935663e-06
-3.235674e-13
-1.2648216e-08
5.5254739e-14
-7.4795177e-09
6.2693949e-06
-3.1097863e-09
-1.6285133e-08
6.2887531e-06
-3.2397856e-09
-1.611839e-08
6.3079015e-06
-3.2239766e-09
-1.5924437e-08
6.3268962e-06
-3.2706917e-09
-1.572406e-08
6.3456996e-06
-3.2943855e-09
-1.5508949e-08
6.36431e-06
-3.3167374e-09
-1.5293757e-08
6.3827338e-06
-3.3406525e-09
-1.5083048e-08
6.4009742e-06
-3.3646737e-09
-1.4875768e-08
6.4190337e-06
-3.3881401e-09
-1.4671361e-08
6.4369151e-06
-3.4109877e-09
-1.4470397e-08
6.4546216e-06
-3.4332494e-09
-1.4273308e-08
6.4721566e-06
-3.4548899e-09
-1.4080111e-08
6.4895232e-06
-3.4758685e-09
-1.3890712e-08
6.5067244e-06
-3.4961325e-09
-1.3705032e-08
6.5237631e-06
-3.5156851e-09
-1.3523057e-08
6.5406423e-06
-3.5345145e-09
-1.3344717e-08
6.5573649e-06
-3.5526145e-09
-1.3169945e-08
6.5739335e-06
-3.5700014e-09
-1.2998666e-08
6.5903509e-06
-3.586649e-09
-1.2830773e-08
6.6066197e-06
-3.6026086e-09
-1.2666229e-08
6.6227425e-06
-3.617841e-09
-1.2504895e-08
6.6387216e-06
-3.6323988e-09
-1.2346733e-08
6.6545594e-06
-3.6462664e-09
-1.2191636e-08
6.6702584e-06
-3.6594617e-09
-1.2039512e-08
6.6858206e-06
-3.6720193e-09
-1.1890322e-08
6.7012484e-06
-3.68389e-09
-1.1743901e-08
6.7165438e-06
-3.6951931e-09
-1.160033e-08
6.7317089e-06
-3.7057854e-09
-1.1459285e-08
6.7467454e-06
-3.715886e-09
-1.1321013e-08
6.7616556e-06
-3.7252397e-09
-1.1185044e-08
6.776441e-06
-3.7341051e-09
-1.1051603e-08
6.7911035e-06
-3.7422472e-09
-1.0920445e-08
6.8056448e-06
-3.7500255e-09
-1.0791595e-08
6.8200659e-06
-3.7564778e-09
-1.0664846e-08
6.8343707e-06
-3.7649281e-09
-1.0540177e-08
6.8485493e-06
-3.7620892e-09
-1.0416688e-08
6.8626577e-06
-3.8033905e-09
-1.0305349e-08
6.8763766e-06
-3.666191e-09
-1.0052657e-08
6.8935663e-06
-4.542564e-09
-1.2648218e-08
-3.1430745e-09
-7.4795353e-09
6.2694356e-06
-6.2585812e-09
-1.6286863e-08
6.2888125e-06
-6.5062947e-09
-1.611037e-08
6.3080205e-06
-6.5368627e-09
-1.5895074e-08
6.3270842e-06
-6.6600533e-09
-1.5674383e-08
6.3459779e-06
-6.7423076e-09
-1.5445758e-08
6.3647023e-06
-6.8170972e-09
-1.5224086e-08
6.3832647e-06
-6.8903597e-09
-1.5012683e-08
6.4016699e-06
-6.9606854e-09
-1.4809148e-08
6.4199211e-06
-7.0275542e-09
-1.461179e-08
6.4380217e-06
-7.0912755e-09
-1.4420278e-08
6.455975e-06
-7.1522302e-09
-1.4234337e-08
6.4737841e-06
-7.2106052e-09
-1.4053442e-08
6.4914518e-06
-7.2665189e-09
-1.3877075e-08
6.5089806e-06
-7.3200565e-09
-1.3704836e-08
6.5263727e-06
-7.3713445e-09
-1.3536467e-08
6.5436304e-06
-7.420474e-09
-1.3371723e-08
6.5607557e-06
-7.467517e-09
-1.3210401e-08
6.5777506e-06
-7.5125597e-09
-1.3052334e-08
6.5946169e-06
-7.5556279e-09
-1.2897348e-08
6.6113564e-06
-7.5968252e-09
-1.2745361e-08
6.627971e-06
-7.6361496e-09
-1.2596208e-08
6.6444621e-06
-7.6736905e-09
-1.2449835e-08
6.6608314e-06
-7.7094671e-09
-1.2306128e-08
6.6770804e-06
-7.7435142e-09
-1.2164994e-08
6.6932107e-06
-7.7759044e-09
-1.2026401e-08
6.7092236e-06
-7.8065935e-09
-1.1890193e-08
6.7251205e-06
-7.8357441e-09
-1.1756457e-08
6.7409028e-06
-7.8631954e-09
-1.1624888e-08
6.7565717e-06
-7.8892189e-09
-1.1495739e-08
6.7721285e-06
-7.9135375e-09
-1.1368565e-08
6.7875742e-06
-7.9364114e-09
-1.124359e-08
6.80291e-06
-7.9576488e-09
-1.1120613e-08
6.8181371e-06
-7.9775567e-09
-1.0999636e-08
6.833256e-06
-7.9950766e-09
-1.0880505e-08
6.8482687e-06
-8.0145419e-09
-1.0763244e-08
6.8631691e-06
-8.015815e-09
-1.06468e-08
6.8780016e-06
-8.0941851e-09
-1.0541799e-08
6.8924583e-06
-7.8222856e-09
-1.0300514e-08
6.9105982e-06
-9.7735622e-09
-1.2909721e-08
-6.6171764e-09
-7.6987986e-09
6.2787151e-06
-1.8684426e-08
-1.6289251e-08
6.3071268e-06
-1.8746798e-08
-1.6171283e-08
6.3352052e-06
-1.859919e-08
-1.6015996e-08
6.3628994e-06
-1.8512173e-08
-1.5842134e-08
6.3901866e-06
-1.8381172e-08
-1.564828e-08
6.4170678e-06
-1.824667e-08
-1.5451647e-08
6.4435527e-06
-1.8117558e-08
-1.5257723e-08
6.4696491e-06
-1.7991176e-08
-1.5065902e-08
6.4953635e-06
-1.7866055e-08
-1.4875921e-08
6.5207033e-06
-1.774246e-08
-1.4688567e-08
6.5456762e-06
-1.7620666e-08
-1.4504449e-08
6.5702898e-06
-1.7500516e-08
-1.4323724e-08
6.5945514e-06
-1.7381765e-08
-1.4146405e-08
6.6184681e-06
-1.7264236e-08
-1.3972487e-08
6.6420466e-06
-1.7147865e-08
-1.380201e-08
6.6652936e-06
-1.7032564e-08
-1.3634939e-08
6.6882156e-06
-1.6918256e-08
-1.347123e-08
6.7108187e-06
-1.6804882e-08
-1.331082e-08
6.7331091e-06
-1.6692351e-08
-1.3153606e-08
6.7550924e-06
-1.658067e-08
-1.2999553e-08
6.7767745e-06
-1.6469734e-08
-1.284852e-08
6.7981609e-06
-1.6359553e-08
-1.2700463e-08
6.8192567e-06
-1.6250064e-08
-1.255527e-08
6.8400673e-06
-1.6141227e-08
-1.2412839e-08
6.8605975e-06
-1.6033046e-08
-1.2273126e-08
6.8808523e-06
-1.5925403e-08
-1.213596e-08
6.9008362e-06
-1.581841e-08
-1.200141e-08
6.920554e-06
-1.5711783e-08
-1.1869152e-08
6.9400097e-06
-1.5605776e-08
-1.1739414e-08
6.9592078e-06
-1.5499941e-08
-1.1611738e-08
6.978152e-06
-1.539446e-08
-1.1486316e-08
6.9968463e-06
-1.5289116e-08
-1.1362941e-08
7.0152939e-06
-1.5183797e-08
-1.1241556e-08
7.0334991e-06
-1.507833e-08
-1.1122057e-08
7.0514608e-06
-1.4972228e-08
-1.1004212e-08
7.0691984e-06
-1.4865929e-08
-1.0887581e-08
7.0866538e-06
-1.476724e-08
-1.0782521e-08
7.1039444e-06
-1.458721e-08
-1.0525507e-08
7.1251947e-06
-1.7900974e-08
-1.3123603e-08
-1.1195382e-08
-8.0495568e-09
6.2476046e-06
-1.6289016e-08
6.2450089e-06
-1.6151156e-08
6.2423833e-06
-1.5973574e-08
6.2396513e-06
-1.5780156e-08
6.2368415e-06
-1.55714e-08
6.2339589e-06
-1.5364076e-08
6.231004e-06
-1.5162646e-08
6.2279782e-06
-1.4965424e-08
6.2248835e-06
-1.4771301e-08
6.2217215e-06
-1.4580486e-08
6.218494e-06
-1.4393164e-08
6.2152027e-06
-1.4209156e-08
6.2118491e-06
-1.402822e-08
6.208435e-06
-1.3850175e-08
6.2049621e-06
-1.3674944e-08
6.201432e-06
-1.3502424e-08
6.1978462e-06
-1.3332526e-08
6.1942065e-06
-1.3165176e-08
6.1905144e-06
-1.3000271e-08
6.1867715e-06
-1.2837798e-08
6.1829794e-06
-1.2677636e-08
6.1791397e-06
-1.2519778e-08
6.1752537e-06
-1.2364148e-08
6.1713232e-06
-1.2210681e-08
6.1673495e-06
-1.205938e-08
6.1633342e-06
-1.1910105e-08
6.1592787e-06
-1.1762987e-08
6.1551846e-06
-1.1617713e-08
6.1510532e-06
-1.1474595e-08
6.1468864e-06
-1.1333167e-08
6.1426855e-06
-1.1193704e-08
6.1384523e-06
-1.1056039e-08
6.1341885e-06
-1.0920158e-08
6.129896e-06
-1.0786009e-08
6.1255771e-06
-1.0653491e-08
6.1212329e-06
-1.052193e-08
6.1168677e-06
-1.0402166e-08
6.1124199e-06
-1.0139519e-08
6.1069179e-06
-1.2399667e-08
-7.879332e-09
6.2150335e-06
1.8677495e-08
6.1801705e-06
1.8711782e-08
6.1456569e-06
1.8540081e-08
6.1114427e-06
1.8433968e-08
6.0775902e-06
1.8281153e-08
6.0441048e-06
1.8121272e-08
6.0109784e-06
1.7963764e-08
5.9782066e-06
1.7806416e-08
5.9457871e-06
1.7648209e-08
5.9137168e-06
1.7489804e-08
5.8819918e-06
1.7331836e-08
5.8506082e-06
1.7174416e-08
5.8195625e-06
1.7017479e-08
5.7888513e-06
1.6861042e-08
5.7584712e-06
1.6705158e-08
5.7284189e-06
1.6549871e-08
5.6986911e-06
1.6395197e-08
5.6692848e-06
1.624114e-08
5.6401968e-06
1.6087715e-08
5.6114241e-06
1.5934919e-08
5.5829637e-06
1.5782767e-08
5.5548126e-06
1.5631253e-08
5.5269681e-06
1.5480381e-08
5.4994273e-06
1.5330145e-08
5.4721873e-06
1.5180541e-08
5.4452456e-06
1.5031557e-08
5.4185994e-06
1.4883168e-08
5.3922463e-06
1.4735355e-08
5.3661836e-06
1.4588057e-08
5.3404091e-06
1.4441241e-08
5.3149204e-06
1.4294805e-08
5.2897157e-06
1.4148668e-08
5.2647928e-06
1.4002643e-08
5.24015e-06
1.3856681e-08
5.2157864e-06
1.3710135e-08
5.1917008e-06
1.3563667e-08
5.1678727e-06
1.3425975e-08
5.1445162e-06
1.3217253e-08
5.1156311e-06
1.6485079e-08
9.6570043e-09
6.2461249e-06
6.2633285e-09
6.2422055e-06
6.4599106e-09
6.2382823e-06
6.4472777e-09
6.234332e-06
6.5420888e-09
6.2303632e-06
6.6016933e-09
6.2263756e-06
6.6571868e-09
6.222368e-06
6.713699e-09
6.2183393e-06
6.7692115e-09
6.2142888e-06
6.822751e-09
6.2102158e-06
6.874233e-09
6.2061195e-06
6.92373e-09
6.201999e-06
6.9711831e-09
6.1978536e-06
7.0164765e-09
6.1936826e-06
7.0595568e-09
6.1894853e-06
7.1003993e-09
6.1852612e-06
7.1390046e-09
6.1810098e-06
7.1753723e-09
6.1767306e-06
7.2095035e-09
6.1724233e-06
7.2414246e-09
6.1680875e-06
7.2711371e-09
6.1637231e-06
7.2986854e-09
6.1593298e-06
7.3240774e-09
6.1549076e-06
7.3473546e-09
6.1504563e-06
7.3685386e-09
6.1459761e-06
7.3876572e-09
6.1414669e-06
7.4047573e-09
6.1369288e-06
7.4198316e-09
6.1323621e-06
7.432958e-09
6.1277665e-06
7.4440852e-09
6.1231427e-06
7.4533306e-09
6.1184905e-06
7.460611e-09
6.1138102e-06
7.4659797e-09
6.1091017e-06
7.4695416e-09
6.104366e-06
7.4704062e-09
6.0995989e-06
7.4729377e-09
6.0948191e-06
7.4560214e-09
6.0899421e-06
7.5203914e-09
6.0854189e-06
7.2151958e-09
6.0793655e-06
9.4145125e-09
5.6614854e-09
6.2368659e-06
3.110496e-09
6.2239963e-06
3.2191853e-09
6.2113547e-06
3.1938188e-09
6.1989845e-06
3.2379137e-09
6.1868826e-06
3.2578445e-09
6.1750414e-06
3.2742444e-09
6.163452e-06
3.2904235e-09
6.1521067e-06
3.3053348e-09
6.140999e-06
3.3186764e-09
6.1301224e-06
3.3306204e-09
6.1194703e-06
3.3413974e-09
6.109037e-06
3.35113e-09
6.0988165e-06
3.3598648e-09
6.0888035e-06
3.367667e-09
6.0789929e-06
3.3745818e-09
6.0693795e-06
3.3806625e-09
6.0599585e-06
3.3859456e-09
6.0507252e-06
3.390453e-09
6.0416751e-06
3.394229e-09
6.0328036e-06
3.3972696e-09
6.0241064e-06
3.3996266e-09
6.0155794e-06
3.4012911e-09
6.0072183e-06
3.4023e-09
5.9990192e-06
3.4026589e-09
5.990978e-06
3.4023754e-09
5.9830911e-06
3.4014939e-09
5.9753545e-06
3.3999658e-09
5.9677647e-06
3.3978884e-09
5.9603178e-06
3.3951459e-09
5.9530106e-06
3.3919106e-09
5.9458395e-06
3.3880179e-09
5.9388013e-06
3.3835839e-09
5.9318925e-06
3.3786312e-09
5.9251099e-06
3.3725044e-09
5.918451e-06
3.3685199e-09
5.9119085e-06
3.3517703e-09
5.9055004e-06
3.3866888e-09
5.8992013e-06
3.2139551e-09
5.8914728e-06
4.2329745e-09
2.5375338e-09
6.2368253e-06
-1.6439261e-16
6.2239261e-06
-5.9470179e-16
6.2111955e-06
-4.6508853e-16
6.1987094e-06
6.5111052e-16
6.1864583e-06
8.9481763e-16
6.1744387e-06
-4.3974666e-16
6.1626461e-06
2.0914869e-15
6.1510757e-06
-1.9326365e-15
6.139723e-06
-6.0146281e-18
6.1285832e-06
-1.364813e-15
6.1176513e-06
-3.224214e-15
6.1069223e-06
-9.7129732e-17
6.0963915e-06
-4.6397372e-15
6.0860541e-06
-8.0422347e-16
6.0759056e-06
-2.6228774e-15
6.0659416e-06
-2.7143408e-15
6.0561576e-06
-3.2130747e-16
6.0465494e-06
-6.9129759e-15
6.0371128e-06
2.0809646e-15
6.0278439e-06
-1.0286711e-14
6.0187386e-06
-2.626926e-15
6.0097932e-06
-1.1372233e-14
6.0010039e-06
-1.2175671e-14
5.992367e-06
-1.327134e-14
5.9838791e-06
-3.0405178e-14
5.9755367e-06
-1.3467838e-14
5.9673364e-06
-5.4834652e-14
5.959275e-06
-2.1404634e-14
5.9513492e-06
-9.7995704e-14
5.9435561e-06
-4.4285638e-14
5.9358926e-06
-1.016588e-13
5.9283557e-06
-6.0874451e-14
5.9209429e-06
-1.3377685e-13
5.9136506e-06
-7.289885e-14
5.9064791e-06
-1.654313e-13
5.8994143e-06
-7.1059005e-14
5.8924958e-06
-1.6748667e-13
5.8856573e-06
-8.7694554e-14
5.8772422e-06
-3.6915058e-13
1.0483135e-13
6.2368253e-06
-3.1104963e-09
6.2239261e-06
-3.2191866e-09
6.2111955e-06
-3.1938196e-09
6.1987094e-06
-3.2379127e-09
6.1864583e-06
-3.2578428e-09
6.1744387e-06
-3.2742453e-09
6.1626461e-06
-3.2904196e-09
6.1510757e-06
-3.3053383e-09
6.139723e-06
-3.3186765e-09
6.1285832e-06
-3.3306227e-09
6.1176513e-06
-3.3414037e-09
6.1069223e-06
-3.35113e-09
6.0963915e-06
-3.3598738e-09
6.0860541e-06
-3.3676688e-09
6.0759056e-06
-3.3745868e-09
6.0659416e-06
-3.3806682e-09
6.0561576e-06
-3.3859461e-09
6.0465494e-06
-3.3904667e-09
6.0371128e-06
-3.3942249e-09
6.0278439e-06
-3.3972896e-09
6.0187386e-06
-3.3996317e-09
6.0097932e-06
-3.4013126e-09
6.0010039e-06
-3.4023245e-09
5.992367e-06
-3.4026837e-09
5.9838791e-06
-3.4024356e-09
5.9755367e-06
-3.4015194e-09
5.9673364e-06
-3.4000737e-09
5.959275e-06
-3.3979298e-09
5.9513492e-06
-3.3953369e-09
5.9435561e-06
-3.392e-09
5.9358926e-06
-3.3882132e-09
5.9283557e-06
-3.3837109e-09
5.9209429e-06
-3.3788861e-09
5.9136506e-06
-3.3726602e-09
5.9064791e-06
-3.3688363e-09
5.8994143e-06
-3.3519248e-09
5.8924958e-06
-3.3870124e-09
5.8856573e-06
-3.2141329e-09
5.8772421e-06
-4.233693e-09
-2.5373539e-09
6.2368659e-06
-6.2633287e-09
6.2239963e-06
-6.459912e-09
6.2113547e-06
-6.4472781e-09
6.1989845e-06
-6.5420881e-09
6.1868826e-06
-6.6016916e-09
6.1750414e-06
-6.6571876e-09
6.163452e-06
-6.7136955e-09
6.1521067e-06
-6.7692146e-09
6.140999e-06
-6.8227512e-09
6.1301224e-06
-6.874235e-09
6.1194703e-06
-6.9237362e-09
6.109037e-06
-6.9711836e-09
6.0988165e-06
-7.0164856e-09
6.0888035e-06
-7.0595597e-09
6.0789929e-06
-7.1004052e-09
6.0693795e-06
-7.1390117e-09
6.0599585e-06
-7.1753743e-09
6.0507253e-06
-7.2095183e-09
6.0416751e-06
-7.2414227e-09
6.0328036e-06
-7.2711578e-09
6.0241065e-06
-7.2986929e-09
6.0155794e-06
-7.3240995e-09
6.0072183e-06
-7.3473841e-09
5.9990192e-06
-7.3685668e-09
5.9909781e-06
-7.3877227e-09
5.9830912e-06
-7.4047897e-09
5.9753546e-06
-7.419951e-09
5.9677648e-06
-7.4330144e-09
5.960318e-06
-7.4442914e-09
5.9530109e-06
-7.4534571e-09
5.9458398e-06
-7.4608182e-09
5.9388016e-06
-7.4661518e-09
5.9318929e-06
-7.469801e-09
5.9251103e-06
-7.4706125e-09
5.9184515e-06
-7.4732549e-09
5.911909e-06
-7.4562274e-09
5.9055009e-06
-7.5207071e-09
5.8992018e-06
-7.2153896e-09
5.8914733e-06
-9.4151503e-09
-5.6613579e-09
6.2461249e-06
-1.8677496e-08
6.2422055e-06
-1.8711784e-08
6.2382823e-06
-1.8540081e-08
6.234332e-06
-1.8433965e-08
6.2303632e-06
-1.8281151e-08
6.2263756e-06
-1.8121272e-08
6.222368e-06
-1.7963762e-08
6.2183393e-06
-1.7806424e-08
6.2142888e-06
-1.7648214e-08
6.2102158e-06
-1.7489816e-08
6.2061195e-06
-1.7331853e-08
6.201999e-06
-1.717443e-08
6.1978536e-06
-1.7017502e-08
6.1936826e-06
-1.6861057e-08
6.1894854e-06
-1.6705177e-08
6.1852613e-06
-1.6549889e-08
6.18101e-06
-1.6395213e-08
6.1767308e-06
-1.6241167e-08
6.1724235e-06
-1.6087727e-08
6.1680877e-06
-1.593496e-08
6.1637233e-06
-1.5782802e-08
6.1593301e-06
-1.5631313e-08
6.1549079e-06
-1.5480462e-08
6.1504567e-06
-1.533024e-08
6.1459765e-06
-1.5180685e-08
6.1414675e-06
-1.5031692e-08
6.1369295e-06
-1.488342e-08
6.132363e-06
-1.4735567e-08
6.1277676e-06
-1.4588453e-08
6.123144e-06
-1.4441585e-08
6.1184921e-06
-1.4295209e-08
6.113812e-06
-1.4149096e-08
6.1091038e-06
-1.4003152e-08
6.1043683e-06
-1.3857214e-08
6.0996016e-06
-1.3710766e-08
6.0948221e-06
-1.3564241e-08
6.0899455e-06
-1.3426613e-08
6.0854225e-06
-1.3217845e-08
6.0793695e-06
-1.6486014e-08
-9.6570903e-09
6.2150335e-06
6.1801705e-06
6.1456569e-06
6.1114427e-06
6.0775902e-06
6.0441048e-06
6.0109784e-06
5.9782066e-06
5.9457871e-06
5.9137168e-06
5.8819917e-06
5.8506082e-06
5.8195624e-06
5.7888512e-06
5.7584711e-06
5.7284188e-06
5.698691e-06
5.6692847e-06
5.6401967e-06
5.6114239e-06
5.5829635e-06
5.5548124e-06
5.5269678e-06
5.4994269e-06
5.4721868e-06
5.445245e-06
5.4185986e-06
5.3922453e-06
5.3661823e-06
5.3404075e-06
5.3149186e-06
5.2897135e-06
5.2647902e-06
5.2401469e-06
5.2157827e-06
5.1916965e-06
5.1678677e-06
5.1445104e-06
5.1156247e-06
)
;

boundaryField
{
    inlet
    {
        type            calculated;
        value           nonuniform List<scalar> 
32
(
-6.25e-06
-6.25e-06
-6.25e-06
-6.25e-06
-6.25e-06
-6.25e-06
-6.25e-06
-6.25e-06
-6.25e-06
-6.25e-06
-6.25e-06
-6.25e-06
-6.25e-06
-6.25e-06
-6.25e-06
-6.25e-06
-6.25e-06
-6.25e-06
-6.25e-06
-6.25e-06
-6.25e-06
-6.25e-06
-6.25e-06
-6.25e-06
-6.25e-06
-6.25e-06
-6.25e-06
-6.25e-06
-6.25e-06
-6.25e-06
-6.25e-06
-6.25e-06
)
;
    }
    outlet
    {
        type            calculated;
        value           nonuniform List<scalar> 
32
(
5.0981069e-06
6.0753167e-06
5.8869046e-06
5.872306e-06
5.872306e-06
5.8869048e-06
6.0753209e-06
5.0980982e-06
6.1036026e-06
7.1378151e-06
6.9217671e-06
6.9041856e-06
6.9041856e-06
6.9217675e-06
7.1378191e-06
6.1035969e-06
6.1036084e-06
7.1378185e-06
6.921771e-06
6.9041891e-06
6.9041891e-06
6.9217712e-06
7.1378225e-06
6.1036017e-06
5.098095e-06
6.0753116e-06
5.886898e-06
5.8723001e-06
5.8723e-06
5.8868985e-06
6.0753157e-06
5.0980883e-06
)
;
    }
    walls
    {
        type            calculated;
        value           uniform 0;
    }
}


// ************************************************************************* //
