/*--------------------------------*- C++ -*----------------------------------*\
  =========                 |
  \\      /  F ield         | OpenFOAM: The Open Source CFD Toolbox
   \\    /   O peration     | Website:  https://openfoam.org
    \\  /    A nd           | Version:  14
     \\/     M anipulation  |
\*---------------------------------------------------------------------------*/
FoamFile
{
    format      ascii;
    class       volVectorField;
    location    "65";
    object      U;
}
// * * * * * * * * * * * * * * * * * * * * * * * * * * * * * * * * * * * * * //

dimensions      [0 1 -1 0 0 0 0];

internalField   nonuniform List<vector> 
1280
(
(7.1193287 0.00064761029 0.00048934837)
(7.080858 0.0011032698 0.00091361029)
(7.043638 0.0012815507 0.0010325815)
(7.0045872 0.0013777162 0.0010432378)
(6.9651103 0.0014370705 0.0010267969)
(6.9264232 0.0014758894 0.0010072434)
(6.8884632 0.0015009182 0.00098914856)
(6.8508895 0.0015153618 0.00097236719)
(6.8136311 0.0015214101 0.00095628855)
(6.7767573 0.0015208883 0.00094060384)
(6.7403 0.0015153084 0.00092521879)
(6.7042444 0.0015058665 0.000910108)
(6.6685739 0.0014934898 0.00089525825)
(6.6332844 0.0014788985 0.00088065919)
(6.5983752 0.0014626526 0.0008663029)
(6.5638434 0.0014451867 0.00085218309)
(6.5296846 0.0014268363 0.00083829313)
(6.4958947 0.0014078601 0.00082462716)
(6.4624702 0.0013884585 0.00081117944)
(6.4294078 0.001368785 0.00079794487)
(6.3967041 0.0013489586 0.00078491885)
(6.3643556 0.00132907 0.00077209683)
(6.332359 0.0013091887 0.00075947467)
(6.3007112 0.0012893677 0.00074704828)
(6.2694088 0.0012696466 0.00073481391)
(6.2384488 0.0012500553 0.00072276796)
(6.2078282 0.0012306147 0.00071090622)
(6.1775439 0.0012113404 0.00069922611)
(6.1475931 0.0011922405 0.00068772274)
(6.1179731 0.0011733213 0.00067639449)
(6.088681 0.0011545815 0.00066523581)
(6.0597147 0.0011360201 0.00065424527)
(6.0310709 0.0011176199 0.00064341651)
(6.0027512 0.0010994027 0.00063274698)
(5.9747417 0.00108125 0.00062225995)
(5.9470807 0.0010632707 0.00061162578)
(5.9196432 0.0010471163 0.00060374741)
(5.8927838 0.001011871 0.00057540812)
(5.8660173 0.001178603 0.0006839166)
(5.8266476 0.00088135823 0.00051740742)
(7.1371613 0.00091690684 0.00049032352)
(7.1341803 0.0012485099 0.00091795454)
(7.1320932 0.001246737 0.0010402052)
(7.1278342 0.0012138193 0.0010536292)
(7.1227405 0.0011800606 0.0010394168)
(7.1179895 0.00115184 0.0010216562)
(7.1135213 0.0011301245 0.001005034)
(7.1090085 0.0011135311 0.00098950115)
(7.1043851 0.0011006351 0.00097451862)
(7.0997207 0.0010904694 0.00095982831)
(7.095049 0.0010823764 0.0009453722)
(7.090359 0.0010758569 0.00093115234)
(7.0856381 0.0010705172 0.0009171767)
(7.0808853 0.0010660538 0.0009034506)
(7.0761029 0.0010622339 0.00088997715)
(7.0712909 0.0010588783 0.00087675748)
(7.0664482 0.0010558475 0.0008637896)
(7.0615738 0.001053033 0.00085107037)
(7.0566673 0.0010503522 0.00083859506)
(7.0517285 0.0010477404 0.00082635857)
(7.046757 0.0010451497 0.00081435532)
(7.0417527 0.0010425422 0.00080257931)
(7.0367154 0.0010398901 0.00079102453)
(7.0316449 0.0010371717 0.00077968462)
(7.0265413 0.0010343707 0.00076855367)
(7.0214047 0.0010314759 0.00075762544)
(7.016235 0.0010284762 0.00074689362)
(7.0110325 0.0010253666 0.00073635269)
(7.0057972 0.0010221375 0.00072599578)
(7.0005294 0.001018788 0.00071581812)
(6.9952291 0.0010153088 0.00070581196)
(6.9898968 0.0010116951 0.00069597331)
(6.9845318 0.0010079443 0.00068629222)
(6.9791368 0.0010040149 0.00067676466)
(6.9737041 0.0010000655 0.00066740831)
(6.9682553 0.00099516551 0.00065786992)
(6.9627403 0.00099470845 0.00065133346)
(6.9572488 0.0009660715 0.00062192123)
(6.9521748 0.0011965273 0.00074741452)
(6.943387 0.00081453612 0.00056320668)
(7.1318421 0.00038277286 0.0004895516)
(7.1183938 0.00024547123 0.00091411265)
(7.1062123 0.0001061365 0.0010324956)
(7.0921708 5.2807478e-05 0.0010422799)
(7.0776157 2.8084793e-05 0.0010251289)
(7.0637296 1.2586633e-05 0.0010051882)
(7.050444 2.3131409e-06 0.00098703593)
(7.0374204 -4.0285551e-06 0.00097048465)
(7.024585 -7.2398418e-06 0.00095487385)
(7.0120014 -7.9670526e-06 0.00093984834)
(6.9996973 -6.7686036e-06 0.00092527439)
(6.9876554 -4.1165843e-06 0.00091109501)
(6.9758571 -3.8936456e-07 0.00089727254)
(6.9642959 4.1230797e-06 0.00088377732)
(6.9529688 9.1977416e-06 0.000870586)
(6.9418708 1.4663797e-05 0.00085768)
(6.9309957 2.0389143e-05 0.00084504287)
(6.9203375 2.6271644e-05 0.00083266109)
(6.9098911 3.2234923e-05 0.00082052262)
(6.8996515 3.821784e-05 0.0008086175)
(6.8896135 4.4177454e-05 0.00079693692)
(6.8797724 5.0077747e-05 0.0007854731)
(6.8701233 5.5894391e-05 0.00077421915)
(6.8606616 6.1607421e-05 0.0007631685)
(6.8513827 6.720248e-05 0.00075231564)
(6.8422822 7.2671079e-05 0.00074165492)
(6.8333557 7.8002374e-05 0.00073118106)
(6.8245991 8.319638e-05 0.00072088949)
(6.816008 8.8242676e-05 0.00071077469)
(6.8075786 9.3148904e-05 0.00070083304)
(6.7993066 9.7905448e-05 0.00069105817)
(6.7911886 0.00010251511 0.00068144763)
(6.7832198 0.0001069928 0.00067199328)
(6.7753996 0.00011124936 0.00066269048)
(6.7677136 0.00011569102 0.00065356718)
(6.7601945 0.00011861925 0.00064425718)
(6.7527202 0.0001268258 0.00063787398)
(6.7456934 0.00011543003 0.0006092092)
(6.7380768 0.00023608994 0.00073620999)
(6.728044 2.9596275e-05 0.00054628525)
(7.1318305 0.00011315626 0.00048938322)
(7.118336 0.00010262226 0.00091445335)
(7.1060881 0.00014799907 0.0010341215)
(7.0919346 0.00022925773 0.0010454181)
(7.0772254 0.00030369153 0.0010295321)
(7.0631502 0.00036159992 0.0010104121)
(7.0496457 0.00040465406 0.00099263139)
(7.0363767 0.00043610469 0.00097607424)
(7.0232721 0.00045872628 0.00096016522)
(7.0103977 0.00047461975 0.00094462399)
(6.997783 0.00048535509 0.0009293769)
(6.9854119 0.00049212124 0.00091441382)
(6.9732671 0.00049583195 0.00089973339)
(6.961343 0.00049719746 0.00088533375)
(6.9496373 0.00049676709 0.00087121283)
(6.9381458 0.00049496779 0.00085736805)
(6.9268627 0.00049212959 0.00084379485)
(6.9157827 0.00048850715 0.00083048847)
(6.9049011 0.00048429963 0.0008174431)
(6.8942134 0.00047965705 0.00080465315)
(6.883715 0.00047470002 0.00079211277)
(6.8734015 0.00046951669 0.000779816)
(6.8632685 0.00046417886 0.00076775701)
(6.8533118 0.00045873925 0.00075592962)
(6.8435274 0.00045323856 0.00074432833)
(6.8339112 0.00044771093 0.0007329471)
(6.8244594 0.00044217509 0.00072178016)
(6.8151682 0.0004366568 0.00071082208)
(6.8060339 0.00043115857 0.0007000666)
(6.7970529 0.00042570476 0.00068950904)
(6.7882218 0.00042028788 0.00067914206)
(6.7795373 0.00041492394 0.00066896227)
(6.7709953 0.00040960927 0.00065896001)
(6.7625961 0.00040432733 0.00064913108)
(6.754324 0.00039920811 0.00063949765)
(6.7462193 0.00039360947 0.00062969732)
(6.7381367 0.00039027887 0.00062288089)
(6.7305525 0.00037928963 0.00059363647)
(6.7222537 0.00041052315 0.00071952426)
(6.7113517 0.00034184016 0.00053130114)
(7.1318305 -0.00011315628 0.00048938322)
(7.118336 -0.00010262237 0.00091445335)
(7.1060881 -0.00014799919 0.0010341215)
(7.0919346 -0.0002292576 0.0010454181)
(7.0772254 -0.00030369141 0.0010295321)
(7.0631502 -0.00036159998 0.0010104121)
(7.0496457 -0.00040465372 0.00099263138)
(7.0363767 -0.00043610504 0.00097607424)
(7.0232721 -0.00045872626 0.00096016522)
(7.0103977 -0.00047462 0.00094462399)
(6.997783 -0.00048535556 0.00092937691)
(6.9854119 -0.00049212128 0.00091441384)
(6.9732671 -0.0004958327 0.00089973341)
(6.961343 -0.00049719766 0.00088533378)
(6.9496373 -0.00049676767 0.00087121286)
(6.9381458 -0.00049496844 0.00085736807)
(6.9268627 -0.00049212997 0.00084379486)
(6.9157827 -0.00048850861 0.00083048849)
(6.9049011 -0.00048429976 0.00081744311)
(6.8942134 -0.00047965916 0.00080465318)
(6.883715 -0.00047470094 0.00079211281)
(6.8734015 -0.00046951913 0.00077981604)
(6.8632685 -0.00046418137 0.00076775708)
(6.8533118 -0.0004587423 0.0007559297)
(6.8435274 -0.00045324414 0.00074432845)
(6.8339112 -0.00044771454 0.00073294724)
(6.8244594 -0.00044218486 0.00072178033)
(6.8151682 -0.00043666245 0.00071082229)
(6.8060339 -0.00043117557 0.00070006685)
(6.7970529 -0.00042571492 0.00068950936)
(6.7882217 -0.00042030656 0.00067914237)
(6.7795373 -0.00041493731 0.00066896263)
(6.7709952 -0.00040963273 0.00065896033)
(6.762596 -0.00040434157 0.00064913137)
(6.754324 -0.00039923509 0.00063949792)
(6.7462192 -0.00039362271 0.00062969743)
(6.7381366 -0.00039030442 0.00062288098)
(6.7305524 -0.00037930459 0.00059363608)
(6.7222536 -0.00041058003 0.0007195244)
(6.7113516 -0.00034183147 0.00053130049)
(7.1318421 -0.00038277289 0.0004895516)
(7.1183938 -0.00024547133 0.00091411265)
(7.1062123 -0.00010613658 0.0010324956)
(7.0921708 -5.280738e-05 0.0010422799)
(7.0776157 -2.8084614e-05 0.001025129)
(7.0637296 -1.258666e-05 0.0010051882)
(7.050444 -2.3127641e-06 0.00098703592)
(7.0374204 4.0283141e-06 0.00097048463)
(7.024585 7.2398738e-06 0.00095487381)
(7.0120014 7.9669241e-06 0.00093984831)
(6.9996973 6.7681805e-06 0.00092527437)
(6.9876554 4.1167036e-06 0.000911095)
(6.9758571 3.8882675e-07 0.00089727257)
(6.9642959 -4.122991e-06 0.00088377736)
(6.9529688 -9.1978592e-06 0.00087058607)
(6.9418708 -1.4663994e-05 0.00085768008)
(6.9309957 -2.0388886e-05 0.00084504296)
(6.9203375 -2.6272498e-05 0.00083266119)
(6.9098911 -3.2234323e-05 0.00082052275)
(6.8996515 -3.8219252e-05 0.00080861764)
(6.8896135 -4.4177602e-05 0.0007969371)
(6.8797724 -5.0079162e-05 0.00078547331)
(6.8701233 -5.5895728e-05 0.00077421945)
(6.8606616 -6.1608887e-05 0.00076316887)
(6.8513827 -6.7206226e-05 0.00075231612)
(6.8422822 -7.2672086e-05 0.00074165549)
(6.8333557 -7.800901e-05 0.00073118177)
(6.8245991 -8.3198354e-05 0.00072089035)
(6.8160081 -8.8255138e-05 0.0007107757)
(6.8075786 -9.3154415e-05 0.00070083422)
(6.7993067 -9.7917374e-05 0.00069105959)
(6.7911887 -0.0001025232 0.00068144912)
(6.7832199 -0.00010700847 0.00067199504)
(6.7753997 -0.0001112582 0.00066269209)
(6.7677137 -0.00011570932 0.00065356903)
(6.7601947 -0.0001186262 0.00064425855)
(6.7527204 -0.00012684308 0.00063787555)
(6.7456936 -0.00011543897 0.00060921034)
(6.7380771 -0.00023613352 0.00073621113)
(6.7280443 -2.9579773e-05 0.00054628564)
(7.1371613 -0.00091690686 0.00049032352)
(7.1341803 -0.00124851 0.00091795454)
(7.1320932 -0.0012467371 0.0010402052)
(7.1278342 -0.0012138192 0.0010536292)
(7.1227405 -0.0011800604 0.0010394168)
(7.1179895 -0.00115184 0.0010216562)
(7.1135213 -0.0011301241 0.001005034)
(7.1090085 -0.0011135313 0.00098950114)
(7.1043851 -0.0011006353 0.00097451862)
(7.0997207 -0.0010904699 0.00095982827)
(7.095049 -0.0010823776 0.00094537221)
(7.090359 -0.0010758576 0.00093115235)
(7.0856382 -0.0010705187 0.00091717674)
(7.0808854 -0.0010660548 0.00090345068)
(7.076103 -0.001062235 0.00088997723)
(7.071291 -0.0010588796 0.00087675761)
(7.0664483 -0.0010558482 0.0008637897)
(7.0615739 -0.001053035 0.00085107051)
(7.0566674 -0.0010503527 0.00083859518)
(7.0517286 -0.0010477432 0.00082635873)
(7.0467572 -0.0010451519 0.00081435551)
(7.041753 -0.0010425464 0.0008025795)
(7.0367157 -0.0010398953 0.00079102489)
(7.0316453 -0.001037178 0.00077968501)
(7.0265418 -0.0010343803 0.00076855429)
(7.0214052 -0.0010314849 0.00075762609)
(7.0162357 -0.0010284922 0.00074689459)
(7.0110333 -0.0010253804 0.00073635379)
(7.0057982 -0.0010221634 0.00072599727)
(7.0005306 -0.0010188113 0.00071581986)
(6.9952306 -0.0010153356 0.00070581362)
(6.9898986 -0.0010117238 0.00069597537)
(6.9845339 -0.0010079776 0.00068629416)
(6.9791393 -0.0010040487 0.00067676684)
(6.9737069 -0.0010001045 0.00066741061)
(6.9682585 -0.00099519952 0.00065787177)
(6.9627439 -0.00099474401 0.00065133562)
(6.9572528 -0.00096610551 0.00062192213)
(6.9521792 -0.0011965931 0.00074741786)
(6.9433918 -0.00081453061 0.00056320336)
(7.1193287 -0.0006476103 0.00048934837)
(7.080858 -0.0011032699 0.00091361031)
(7.043638 -0.0012815507 0.0010325815)
(7.0045872 -0.0013777161 0.0010432379)
(6.9651103 -0.0014370704 0.001026797)
(6.9264232 -0.0014758894 0.0010072434)
(6.8884632 -0.001500918 0.00098914854)
(6.8508895 -0.001515362 0.00097236713)
(6.8136311 -0.0015214104 0.00095628848)
(6.7767573 -0.0015208889 0.00094060376)
(6.7403 -0.0015153096 0.00092521877)
(6.7042443 -0.0015058677 0.00091010801)
(6.6685738 -0.0014934915 0.00089525833)
(6.6332843 -0.0014789001 0.00088065933)
(6.5983751 -0.0014626544 0.00086630308)
(6.5638433 -0.0014451886 0.00085218336)
(6.5296844 -0.0014268379 0.00083829339)
(6.4958945 -0.0014078626 0.00082462751)
(6.46247 -0.0013884603 0.00081117978)
(6.4294076 -0.0013687883 0.0007979453)
(6.3967038 -0.0013489621 0.00078491935)
(6.3643552 -0.0013290753 0.00077209742)
(6.3323585 -0.0013091956 0.0007594755)
(6.3007106 -0.0012893763 0.00074704926)
(6.269408 -0.0012696582 0.00073481523)
(6.2384479 -0.0012500685 0.00072276946)
(6.207827 -0.0012306337 0.00071090818)
(6.1775424 -0.0012113606 0.00069922839)
(6.1475912 -0.0011922702 0.00068772563)
(6.1179706 -0.0011733528 0.00067639802)
(6.088678 -0.0011546161 0.00066523955)
(6.0597112 -0.0011360597 0.00065424958)
(6.0310668 -0.001117664 0.00064342091)
(6.0027464 -0.001099452 0.0006327516)
(5.9747361 -0.0010813041 0.00062226497)
(5.9470743 -0.0010633262 0.00061163059)
(5.919636 -0.0010471718 0.00060375322)
(5.8927758 -0.0010119301 0.00057541357)
(5.8660082 -0.0011786855 0.00068392985)
(5.8266377 -0.00088138993 0.00051741657)
(7.1380452 0.0006484857 0.00048955609)
(7.1366383 0.0011079884 0.00091647716)
(7.1360658 0.0012898659 0.0010402343)
(7.133234 0.0013889548 0.0010569072)
(7.1294975 0.0014509932 0.0010468611)
(7.12604 0.0014925114 0.0010336721)
(7.1228041 0.0015203547 0.0010218158)
(7.1194652 0.0015377696 0.0010111582)
(7.1159603 0.0015469588 0.0010011044)
(7.1123618 0.0015497425 0.00099134726)
(7.1087065 0.0015476194 0.0009817901)
(7.1049861 0.001541769 0.00097240536)
(7.1011908 0.0015331014 0.00096317836)
(7.0973223 0.0015223191 0.00095409798)
(7.0933857 0.001509965 0.00094515499)
(7.0893835 0.001496457 0.00093634313)
(7.085317 0.0014821155 0.00092765557)
(7.0811878 0.0014671858 0.00091908691)
(7.0769978 0.0014518556 0.0009106322)
(7.0727488 0.0014362679 0.00090228631)
(7.0684426 0.0014205319 0.00089404639)
(7.0640812 0.00140473 0.00088590789)
(7.0596661 0.0013889246 0.00087786849)
(7.0551991 0.0013731619 0.00086992421)
(7.0506821 0.0013574766 0.00086207286)
(7.0461165 0.0013418934 0.00085431224)
(7.0415043 0.0013264295 0.000846638)
(7.0368471 0.0013110967 0.00083905053)
(7.0321465 0.0012959006 0.00083154321)
(7.0274045 0.0012808444 0.00082412035)
(7.0226225 0.0012659251 0.00081677147)
(7.0178029 0.0012511401 0.00080950236)
(7.0129465 0.0012364713 0.00080230117)
(7.0080587 0.0012219358 0.00079517465)
(7.0031313 0.0012074329 0.00078813605)
(6.9982006 0.0011929842 0.00078089969)
(6.9931618 0.001180652 0.00077599817)
(6.9883636 0.0011472144 0.00075345641)
(6.9827763 0.0013183161 0.00084709235)
(6.9757294 0.001032254 0.00070932577)
(7.1558772 0.00091738558 0.00049013522)
(7.1900044 0.0012524822 0.00091861104)
(7.2246669 0.0012536889 0.0010436982)
(7.2567843 0.0012226322 0.0010612108)
(7.2876449 0.0011904041 0.0010515198)
(7.3183966 0.0011636982 0.0010383148)
(7.3489873 0.0011435334 0.0010261883)
(7.3791085 0.0011285285 0.0010151)
(7.4087058 0.0011172527 0.0010045247)
(7.4378556 0.0011087308 0.00099420413)
(7.4665999 0.0011022987 0.00098407615)
(7.4949378 0.0010974551 0.00097413908)
(7.5228666 0.0010938071 0.0009643978)
(7.5503943 0.0010910532 0.0009548554)
(7.5775317 0.0010889627 0.00094551245)
(7.6042873 0.0010873588 0.00093636885)
(7.630668 0.0010861041 0.00092742144)
(7.6566806 0.0010850924 0.00091866648)
(7.6823323 0.001084243 0.00091009919)
(7.7076298 0.0010834926 0.00090171364)
(7.7325799 0.0010827946 0.00089350521)
(7.7571888 0.0010821118 0.00088546721)
(7.7814628 0.0010814171 0.00087759477)
(7.8054077 0.0010806891 0.00086988108)
(7.8290295 0.0010799118 0.00086232111)
(7.8523336 0.0010790734 0.00085490945)
(7.8753256 0.0010781633 0.00084763916)
(7.8980107 0.0010771755 0.00084050701)
(7.920394 0.0010761008 0.00083350412)
(7.9424803 0.0010749369 0.00082663064)
(7.9642742 0.0010736748 0.00081987423)
(7.9857805 0.0010723092 0.00081323664)
(8.0070025 0.0010708369 0.00080670337)
(8.0279465 0.0010692181 0.00080027753)
(8.0486093 0.0010676021 0.00079396875)
(8.0690119 0.0010651067 0.00078746659)
(8.0891177 0.0010668749 0.00078356894)
(8.1090302 0.0010410137 0.00075978279)
(8.128426 0.0012641888 0.00086928209)
(8.1576261 0.00090792142 0.00071430821)
(7.1505622 0.00038250576 0.00048968619)
(7.1741667 0.00024698025 0.0009159978)
(7.198597 0.00010915632 0.0010379819)
(7.2207221 5.6611034e-05 0.0010524272)
(7.2418499 3.2561287e-05 0.0010401928)
(7.2631428 1.775448e-05 0.0010250525)
(7.2845469 8.1433627e-06 0.0010115177)
(7.3057476 2.4011557e-06 0.00099943404)
(7.3266862 -2.8422032e-07 0.00098817424)
(7.3474356 -5.5873436e-07 0.00097739888)
(7.3680333 1.0247812e-06 0.0009669829)
(7.3884731 4.0023279e-06 0.00095687578)
(7.408747 8.0043216e-06 0.00094704502)
(7.4288578 1.2749071e-05 0.00093746526)
(7.4488112 1.8021378e-05 0.00092811582)
(7.4686105 2.3657534e-05 0.00091898107)
(7.4882576 2.9532016e-05 0.00091004665)
(7.5077543 3.5548588e-05 0.00090130106)
(7.527103 4.1636018e-05 0.00089273427)
(7.5463058 4.7737843e-05 0.00088433705)
(7.5653648 5.3814993e-05 0.00087610291)
(7.5842819 5.9834987e-05 0.00086802432)
(7.6030588 6.5776512e-05 0.00086009638)
(7.6216973 7.1622079e-05 0.00085231266)
(7.6401993 7.7359798e-05 0.00084466906)
(7.6585663 8.2982643e-05 0.00083716116)
(7.6768 8.8482171e-05 0.0008297834)
(7.6949018 9.385884e-05 0.00082253376)
(7.7128734 9.9104814e-05 0.00081540493)
(7.730716 0.00010422713 0.00080839847)
(7.7484311 0.00010921886 0.00080150343)
(7.7660202 0.00011408268 0.00079472344)
(7.7834835 0.00011883382 0.00078804555)
(7.8008253 0.00012339236 0.00078147314)
(7.8180367 0.00012812214 0.00077502411)
(7.8351511 0.00013153008 0.00076837931)
(7.8520601 0.00013945846 0.00076427041)
(7.8691785 0.00013120995 0.00074079078)
(7.8848754 0.00023308596 0.00085127479)
(7.9107009 5.9608288e-05 0.00069091449)
(7.150549 0.00011303819 0.0004894617)
(7.1741101 0.00010340268 0.00091591615)
(7.1984963 0.00014966509 0.0010387229)
(7.2205543 0.00023158265 0.0010542626)
(7.2415903 0.0003066949 0.0010429693)
(7.2627663 0.00036536209 0.00102842)
(7.2840265 0.00040925447 0.0010151068)
(7.3050542 0.00044162751 0.0010029306)
(7.3257894 0.00046526374 0.00099133511)
(7.346304 0.00048226887 0.00098004414)
(7.3666355 0.00049421243 0.00096898355)
(7.3867775 0.00050227847 0.00095814238)
(7.4067226 0.00050737272 0.00094751854)
(7.4264739 0.00051019548 0.00093710993)
(7.446038 0.00051128561 0.00092691345)
(7.4654189 0.00051105953 0.00091692662)
(7.4846193 0.00050983745 0.00090714472)
(7.5036421 0.00050786488 0.00089756328)
(7.5224905 0.00050533277 0.00088817715)
(7.5411676 0.00050238396 0.00087898052)
(7.5596763 0.0004991326 0.00086996903)
(7.5780195 0.00049566144 0.00086113646)
(7.5961999 0.00049203758 0.00085247857)
(7.6142203 0.00048830958 0.00084398903)
(7.6320831 0.00048451506 0.00083566361)
(7.649791 0.00048068469 0.00082749734)
(7.6673464 0.00047683574 0.00081948418)
(7.6847516 0.00047299065 0.00081162123)
(7.7020089 0.00046915199 0.00080390049)
(7.7191206 0.00046534046 0.00079632247)
(7.7360887 0.00046154977 0.00078887539)
(7.7529156 0.00045779287 0.00078156201)
(7.769602 0.00045406688 0.00077436804)
(7.7861534 0.00045035633 0.00076729716)
(7.8025602 0.00044677393 0.00076036248)
(7.8188613 0.00044275723 0.00075324762)
(7.8349338 0.00044073026 0.00074871687)
(7.8512349 0.00043195805 0.00072469147)
(7.8660573 0.00045881977 0.000834165)
(7.8906009 0.00040328253 0.00067514557)
(7.150549 -0.00011303821 0.0004894617)
(7.1741101 -0.00010340279 0.00091591615)
(7.1984963 -0.00014966519 0.0010387229)
(7.2205543 -0.00023158253 0.0010542626)
(7.2415903 -0.00030669475 0.0010429692)
(7.2627663 -0.00036536215 0.00102842)
(7.2840265 -0.00040925415 0.0010151068)
(7.3050542 -0.00044162786 0.0010029306)
(7.3257894 -0.00046526376 0.00099133512)
(7.346304 -0.00048226912 0.00098004416)
(7.3666355 -0.0004942129 0.00096898357)
(7.3867775 -0.00050227851 0.00095814239)
(7.4067226 -0.00050737341 0.00094751856)
(7.4264739 -0.00051019565 0.00093710993)
(7.446038 -0.00051128609 0.00092691345)
(7.4654189 -0.0005110601 0.00091692661)
(7.4846193 -0.0005098377 0.00090714471)
(7.5036421 -0.00050786621 0.00089756328)
(7.5224905 -0.00050533279 0.00088817715)
(7.5411676 -0.00050238587 0.00087898053)
(7.5596763 -0.00049913333 0.00086996906)
(7.5780195 -0.00049566363 0.0008611365)
(7.5961999 -0.00049203968 0.00085247863)
(7.6142203 -0.00048831225 0.00084398909)
(7.6320831 -0.00048451982 0.0008356637)
(7.649791 -0.0004806878 0.00082749743)
(7.6673464 -0.00047684405 0.0008194843)
(7.6847516 -0.00047299543 0.00081162138)
(7.7020089 -0.00046916648 0.00080390068)
(7.7191207 -0.00046534919 0.0007963227)
(7.7360887 -0.00046156544 0.00078887561)
(7.7529156 -0.00045780451 0.00078156224)
(7.7696021 -0.00045408671 0.00077436829)
(7.7861534 -0.00045036929 0.0007672973)
(7.8025602 -0.00044679706 0.00076036276)
(7.8188613 -0.00044277029 0.00075324764)
(7.8349338 -0.00044075265 0.00074871711)
(7.8512349 -0.00043197371 0.00072469125)
(7.8660573 -0.00045886932 0.00083416571)
(7.8906008 -0.00040327983 0.00067514505)
(7.1505622 -0.00038250579 0.00048968619)
(7.1741667 -0.00024698034 0.0009159978)
(7.198597 -0.00010915641 0.0010379819)
(7.2207221 -5.6610939e-05 0.0010524272)
(7.2418499 -3.2561092e-05 0.0010401928)
(7.2631428 -1.7754489e-05 0.0010250525)
(7.2845469 -8.1429714e-06 0.0010115177)
(7.3057476 -2.4013801e-06 0.00099943405)
(7.3266862 2.8424167e-07 0.00098817424)
(7.3474356 5.5858318e-07 0.00097739888)
(7.3680333 -1.0252144e-06 0.00096698289)
(7.3884731 -4.00224e-06 0.00095687578)
(7.408747 -8.0048363e-06 0.00094704502)
(7.4288578 -1.2748978e-05 0.00093746525)
(7.4488112 -1.8021443e-05 0.00092811583)
(7.4686105 -2.3657668e-05 0.00091898108)
(7.4882576 -2.9531689e-05 0.00091004666)
(7.5077543 -3.5549325e-05 0.00090130106)
(7.527103 -4.1635372e-05 0.00089273427)
(7.5463059 -4.7739109e-05 0.00088433705)
(7.5653648 -5.3815029e-05 0.00087610295)
(7.5842819 -5.9836297e-05 0.00086802434)
(7.6030588 -6.577759e-05 0.00086009645)
(7.6216974 -7.1623381e-05 0.00085231275)
(7.6401993 -7.7362936e-05 0.00084466921)
(7.6585663 -8.2983497e-05 0.00083716131)
(7.6768 -8.8487699e-05 0.00082978362)
(7.6949019 -9.3860372e-05 0.00082253408)
(7.7128735 -9.9115202e-05 0.00081540534)
(7.7307162 -0.00010423166 0.00080839885)
(7.7484313 -0.00010922872 0.00080150394)
(7.7660204 -0.00011408954 0.00079472378)
(7.7834838 -0.00011884697 0.00078804624)
(7.8008256 -0.00012340025 0.00078147329)
(7.8180371 -0.0001281375 0.000775025)
(7.8351515 -0.00013153702 0.00076837924)
(7.8520605 -0.00013947303 0.00076427143)
(7.869179 -0.00013121942 0.00074079102)
(7.8848759 -0.00023312227 0.00085127667)
(7.9107014 -5.9600125e-05 0.00069091387)
(7.1558772 -0.00091738561 0.00049013522)
(7.1900044 -0.0012524823 0.00091861104)
(7.2246669 -0.0012536889 0.0010436981)
(7.2567843 -0.0012226322 0.0010612108)
(7.2876449 -0.0011904039 0.0010515199)
(7.3183966 -0.0011636982 0.0010383148)
(7.3489873 -0.0011435331 0.0010261883)
(7.3791085 -0.0011285288 0.0010151001)
(7.4087058 -0.001117253 0.0010045248)
(7.4378556 -0.0011087313 0.00099420413)
(7.4665999 -0.0011022999 0.00098407616)
(7.4949378 -0.0010974558 0.00097413908)
(7.5228666 -0.0010938085 0.00096439781)
(7.5503944 -0.0010910541 0.00095485542)
(7.5775318 -0.0010889637 0.00094551247)
(7.6042874 -0.0010873598 0.0009363689)
(7.6306681 -0.0010861046 0.00092742147)
(7.6566807 -0.0010850942 0.00091866654)
(7.6823324 -0.0010842433 0.00091009921)
(7.70763 -0.0010834951 0.00090171369)
(7.7325801 -0.0010827964 0.00089350527)
(7.7571891 -0.0010821155 0.00088546727)
(7.7814631 -0.0010814216 0.00087759491)
(7.8054081 -0.0010806946 0.00086988126)
(7.8290299 -0.0010799201 0.00086232141)
(7.8523342 -0.0010790812 0.00085490973)
(7.8753263 -0.0010781771 0.00084763965)
(7.8980116 -0.0010771874 0.00084050761)
(7.9203951 -0.001076123 0.00083350505)
(7.9424816 -0.0010749568 0.00082663152)
(7.9642758 -0.0010736976 0.0008198751)
(7.9857823 -0.0010723338 0.00081323743)
(8.0070047 -0.0010708653 0.00080670442)
(8.027949 -0.0010692474 0.00080027817)
(8.0486122 -0.0010676354 0.00079397034)
(8.0690152 -0.0010651362 0.00078746712)
(8.0891214 -0.0010669047 0.00078357085)
(8.1090342 -0.0010410429 0.0007597837)
(8.1284305 -0.0012642398 0.00086928683)
(8.1576308 -0.0009079147 0.00071430496)
(7.1380452 -0.00064848571 0.0004895561)
(7.1366383 -0.0011079885 0.00091647717)
(7.1360658 -0.0012898659 0.0010402343)
(7.133234 -0.0013889548 0.0010569072)
(7.1294975 -0.0014509931 0.0010468611)
(7.12604 -0.0014925113 0.001033672)
(7.1228041 -0.0015203546 0.0010218158)
(7.1194652 -0.0015377699 0.0010111582)
(7.1159603 -0.0015469592 0.0010011044)
(7.1123618 -0.0015497432 0.00099134732)
(7.1087065 -0.0015476206 0.00098179011)
(7.104986 -0.0015417701 0.00097240541)
(7.1011907 -0.001533103 0.00096317839)
(7.0973222 -0.0015223206 0.00095409799)
(7.0933856 -0.0015099666 0.00094515504)
(7.0893834 -0.0014964588 0.00093634315)
(7.0853169 -0.001482117 0.00092765566)
(7.0811877 -0.0014671881 0.00091908696)
(7.0769976 -0.0014518572 0.00091063232)
(7.0727486 -0.0014362709 0.00090228645)
(7.0684424 -0.001420535 0.00089404664)
(7.0640809 -0.0014047348 0.00088590819)
(7.0596657 -0.0013889306 0.00087786884)
(7.0551987 -0.0013731695 0.0008699248)
(7.0506815 -0.0013574868 0.00086207349)
(7.0461159 -0.001341905 0.00085431312)
(7.0415034 -0.0013264463 0.0008466389)
(7.036846 -0.0013111145 0.00083905191)
(7.0321451 -0.0012959265 0.0008315448)
(7.0274027 -0.001280872 0.00082412214)
(7.0226204 -0.0012659551 0.00081677396)
(7.0178004 -0.0012511747 0.0008095042)
(7.0129435 -0.0012365095 0.00080230436)
(7.0080552 -0.0012219791 0.00079517617)
(7.0031272 -0.0012074801 0.00078813973)
(6.9981959 -0.0011930332 0.00078090121)
(6.9931566 -0.0011807002 0.0007760025)
(6.9883577 -0.0011472657 0.0007534608)
(6.9827699 -0.0013183837 0.00084710331)
(6.9757229 -0.0010322776 0.00070933126)
(7.1380452 0.0006484857 -0.00048955612)
(7.1366383 0.0011079884 -0.00091647728)
(7.1360658 0.0012898659 -0.0010402344)
(7.133234 0.0013889548 -0.0010569071)
(7.1294975 0.0014509932 -0.0010468609)
(7.12604 0.0014925114 -0.001033672)
(7.1228041 0.0015203547 -0.0010218154)
(7.1194652 0.0015377696 -0.0010111584)
(7.1159603 0.0015469588 -0.0010011046)
(7.1123619 0.0015497425 -0.00099134774)
(7.1087065 0.0015476195 -0.00098179086)
(7.1049861 0.001541769 -0.00097240582)
(7.1011908 0.0015331014 -0.00096317931)
(7.0973224 0.0015223191 -0.00095409842)
(7.0933858 0.001509965 -0.00094515562)
(7.0893836 0.001496457 -0.00093634367)
(7.0853172 0.0014821156 -0.00092765591)
(7.081188 0.0014671859 -0.00091908804)
(7.0769979 0.0014518557 -0.00091063232)
(7.0727489 0.0014362679 -0.00090228819)
(7.0684429 0.001420532 -0.0008940477)
(7.0640814 0.0014047301 -0.00088591084)
(7.0596664 0.0013889246 -0.00087787169)
(7.0551995 0.001373162 -0.00086992864)
(7.0506825 0.0013574766 -0.00086207919)
(7.0461171 0.0013418935 -0.00085431837)
(7.0415051 0.0013264297 -0.00084664892)
(7.036848 0.0013110969 -0.00083906036)
(7.0321477 0.0012959009 -0.000831562)
(7.0274059 0.0012808447 -0.00082413671)
(7.0226243 0.0012659254 -0.00081679202)
(7.0178049 0.0012511402 -0.00080952326)
(7.012949 0.0012364714 -0.00080232852)
(7.0080616 0.0012219355 -0.00079520041)
(7.0031347 0.0012074323 -0.00078816952)
(6.9982044 0.0011929829 -0.00078092829)
(6.9931662 0.0011806496 -0.00077603256)
(6.9883685 0.0011472113 -0.00075349664)
(6.982782 0.0013183117 -0.00084715704)
(6.9757361 0.0010322418 -0.00070932941)
(7.1558772 0.00091738558 -0.00049013524)
(7.1900044 0.0012524822 -0.00091861115)
(7.2246669 0.0012536889 -0.0010436983)
(7.2567844 0.0012226322 -0.0010612107)
(7.2876449 0.0011904041 -0.0010515197)
(7.3183966 0.0011636982 -0.0010383147)
(7.3489873 0.0011435334 -0.0010261879)
(7.3791085 0.0011285285 -0.0010151003)
(7.4087058 0.0011172527 -0.0010045249)
(7.4378556 0.0011087308 -0.00099420458)
(7.4665999 0.0011022987 -0.00098407689)
(7.4949378 0.0010974552 -0.00097413952)
(7.5228666 0.0010938071 -0.0009643987)
(7.5503944 0.0010910532 -0.00095485584)
(7.5775318 0.0010889627 -0.00094551304)
(7.6042874 0.0010873588 -0.00093636937)
(7.6306681 0.0010861041 -0.00092742174)
(7.6566807 0.0010850924 -0.00091866752)
(7.6823324 0.001084243 -0.00091009926)
(7.70763 0.0010834926 -0.00090171532)
(7.7325801 0.0010827946 -0.0008935063)
(7.7571891 0.0010821118 -0.00088546981)
(7.7814631 0.0010814171 -0.00087759749)
(7.8054081 0.0010806891 -0.00086988487)
(7.8290299 0.0010799118 -0.00086232646)
(7.8523342 0.0010790734 -0.00085491454)
(7.8753263 0.0010781634 -0.00084764828)
(7.8980116 0.0010771756 -0.00084051496)
(7.9203951 0.0010761009 -0.00083351963)
(7.9424816 0.0010749369 -0.00082664374)
(7.9642758 0.0010736748 -0.0008198904)
(7.9857823 0.0010723092 -0.00081325251)
(8.0070047 0.0010708367 -0.0008067239)
(8.0279489 0.0010692177 -0.0008002956)
(8.0486122 0.0010676014 -0.0007939919)
(8.0690151 0.0010651055 -0.00078748394)
(8.0891212 0.0010668731 -0.00078358859)
(8.1090339 0.0010410116 -0.00075980423)
(8.1284301 0.0012641858 -0.00086931427)
(8.1576301 0.00090791181 -0.00071429488)
(7.1505622 0.00038250576 -0.00048968621)
(7.1741667 0.00024698025 -0.00091599791)
(7.1985971 0.00010915632 -0.001037982)
(7.2207221 5.6611027e-05 -0.0010524271)
(7.2418499 3.2561281e-05 -0.0010401926)
(7.2631428 1.7754477e-05 -0.0010250524)
(7.2845469 8.1433635e-06 -0.0010115174)
(7.3057476 2.4011627e-06 -0.0009994343)
(7.3266862 -2.8421092e-07 -0.0009881744)
(7.3474356 -5.587274e-07 -0.00097739934)
(7.3680333 1.0247875e-06 -0.00096698362)
(7.3884731 4.0023238e-06 -0.00095687621)
(7.4087471 8.0043142e-06 -0.0009470459)
(7.4288579 1.2749053e-05 -0.00093746567)
(7.4488113 1.8021352e-05 -0.0009281164)
(7.4686106 2.3657506e-05 -0.00091898157)
(7.4882577 2.9531979e-05 -0.00091004695)
(7.5077544 3.5548554e-05 -0.00090130212)
(7.5271031 4.1635972e-05 -0.00089273435)
(7.546306 4.7737799e-05 -0.00088433877)
(7.565365 5.3814942e-05 -0.00087610403)
(7.5842821 5.9834915e-05 -0.00086802698)
(7.603059 6.5776436e-05 -0.00086009913)
(7.6216977 7.162197e-05 -0.00085231653)
(7.6401997 7.7359687e-05 -0.00084467449)
(7.6585668 8.2982472e-05 -0.00083716638)
(7.6768007 8.848199e-05 -0.00082979268)
(7.6949027 9.3858607e-05 -0.0008225419)
(7.7128744 9.9104573e-05 -0.00081542075)
(7.7307174 0.00010422684 -0.00080841183)
(7.7484327 0.00010921849 -0.00080152012)
(7.766022 0.00011408229 -0.00079473976)
(7.7834857 0.00011883334 -0.00078806696)
(7.8008278 0.00012339185 -0.00078149206)
(7.8180396 0.00012812166 -0.00077504859)
(7.8351543 0.00013152953 -0.00076839808)
(7.8520637 0.00013945816 -0.00076429192)
(7.8691825 0.00013120968 -0.00074081407)
(7.8848798 0.0002330863 -0.00085130778)
(7.9107054 5.9607698e-05 -0.0006909084)
(7.150549 0.00011303819 -0.00048946172)
(7.1741101 0.00010340268 -0.00091591625)
(7.1984963 0.00014966508 -0.001038723)
(7.2205543 0.00023158264 -0.0010542625)
(7.2415903 0.00030669489 -0.0010429691)
(7.2627663 0.00036536209 -0.00102842)
(7.2840265 0.00040925448 -0.0010151065)
(7.3050542 0.00044162753 -0.0010029309)
(7.3257894 0.00046526376 -0.00099133526)
(7.3463041 0.00048226888 -0.00098004459)
(7.3666355 0.00049421243 -0.00096898427)
(7.3867775 0.00050227846 -0.00095814281)
(7.4067226 0.00050737271 -0.00094751942)
(7.426474 0.00051019546 -0.00093711034)
(7.4460381 0.00051128558 -0.00092691403)
(7.465419 0.0005110595 -0.0009169271)
(7.4846194 0.00050983742 -0.00090714499)
(7.5036422 0.00050786486 -0.00089756427)
(7.5224906 0.00050533275 -0.00088817718)
(7.5411678 0.00050238394 -0.00087898216)
(7.5596765 0.00049913259 -0.00086997005)
(7.5780198 0.0004956614 -0.00086113902)
(7.5962002 0.00049203753 -0.00085248118)
(7.6142206 0.00048830951 -0.00084399274)
(7.6320836 0.00048451498 -0.0008356688)
(7.6497915 0.00048068457 -0.00082750232)
(7.6673471 0.0004768356 -0.00081949312)
(7.6847524 0.00047299049 -0.00081162896)
(7.70201 0.00046915184 -0.00080391569)
(7.7191219 0.00046534024 -0.00079633507)
(7.7360903 0.00046154951 -0.0007888912)
(7.7529173 0.00045779251 -0.00078157728)
(7.7696041 0.00045406653 -0.00077438817)
(7.7861558 0.00045035579 -0.00076731471)
(7.802563 0.00044677348 -0.0007603851)
(7.8188643 0.00044275645 -0.00075326445)
(7.8349372 0.00044072968 -0.00074873556)
(7.8512386 0.00043195704 -0.00072471158)
(7.8660613 0.00045881937 -0.00083419215)
(7.8906049 0.00040328031 -0.00067513388)
(7.150549 -0.00011303821 -0.00048946172)
(7.1741101 -0.00010340279 -0.00091591625)
(7.1984963 -0.0001496652 -0.0010387229)
(7.2205543 -0.00023158255 -0.0010542625)
(7.2415903 -0.00030669476 -0.0010429691)
(7.2627663 -0.00036536216 -0.00102842)
(7.2840265 -0.00040925414 -0.0010151065)
(7.3050542 -0.00044162784 -0.0010029309)
(7.3257894 -0.00046526374 -0.00099133526)
(7.3463041 -0.0004822691 -0.00098004457)
(7.3666355 -0.00049421289 -0.00096898425)
(7.3867775 -0.00050227851 -0.00095814279)
(7.4067226 -0.00050737343 -0.00094751941)
(7.426474 -0.00051019568 -0.00093711035)
(7.4460381 -0.00051128613 -0.00092691403)
(7.465419 -0.00051106016 -0.00091692712)
(7.4846194 -0.00050983776 -0.00090714499)
(7.5036422 -0.00050786629 -0.00089756429)
(7.5224906 -0.00050533287 -0.00088817717)
(7.5411678 -0.00050238597 -0.00087898214)
(7.5596765 -0.00049913342 -0.00086997002)
(7.5780197 -0.00049566377 -0.00086113898)
(7.5962002 -0.00049203983 -0.00085248115)
(7.6142206 -0.00048831242 -0.00084399269)
(7.6320836 -0.00048452002 -0.00083566877)
(7.6497915 -0.00048068805 -0.00082750227)
(7.6673471 -0.00047684435 -0.00081949314)
(7.6847524 -0.00047299574 -0.00081162893)
(7.70201 -0.00046916682 -0.0008039157)
(7.7191219 -0.00046534966 -0.00079633507)
(7.7360902 -0.00046156591 -0.00078889113)
(7.7529173 -0.00045780518 -0.00078157745)
(7.7696041 -0.00045408721 -0.00077438817)
(7.7861558 -0.00045037007 -0.00076731526)
(7.8025629 -0.0004467973 -0.00076038539)
(7.8188643 -0.00044277087 -0.00075326539)
(7.8349372 -0.00044075234 -0.00074873614)
(7.8512386 -0.00043197348 -0.00072471245)
(7.8660613 -0.00045886778 -0.00083419245)
(7.8906049 -0.00040327869 -0.00067513384)
(7.1505622 -0.00038250578 -0.00048968621)
(7.1741667 -0.00024698035 -0.00091599789)
(7.1985971 -0.00010915641 -0.001037982)
(7.2207221 -5.6610954e-05 -0.0010524271)
(7.2418499 -3.2561091e-05 -0.0010401926)
(7.2631428 -1.7754484e-05 -0.0010250524)
(7.2845469 -8.1429623e-06 -0.0010115175)
(7.3057476 -2.4013607e-06 -0.0009994343)
(7.3266862 2.8424393e-07 -0.00098817442)
(7.3474356 5.5859495e-07 -0.00097739931)
(7.3680333 -1.0252204e-06 -0.00096698359)
(7.3884731 -4.0022395e-06 -0.00095687616)
(7.4087471 -8.0048396e-06 -0.00094704584)
(7.4288579 -1.2748986e-05 -0.00093746563)
(7.4488113 -1.802144e-05 -0.00092811634)
(7.4686106 -2.3657682e-05 -0.00091898154)
(7.4882577 -2.9531688e-05 -0.00091004688)
(7.5077544 -3.5549347e-05 -0.00090130204)
(7.5271031 -4.1635398e-05 -0.00089273426)
(7.546306 -4.7739142e-05 -0.00088433864)
(7.565365 -5.3815076e-05 -0.00087610385)
(7.5842821 -5.9836338e-05 -0.00086802674)
(7.603059 -6.5777677e-05 -0.00086009891)
(7.6216977 -7.1623424e-05 -0.00085231618)
(7.6401997 -7.7363033e-05 -0.00084467413)
(7.6585668 -8.2983569e-05 -0.00083716589)
(7.6768007 -8.8487821e-05 -0.00082979223)
(7.6949027 -9.3860459e-05 -0.00082254126)
(7.7128745 -9.9115284e-05 -0.00081541997)
(7.7307174 -0.00010423192 -0.0008084109)
(7.7484327 -0.00010922884 -0.00080151889)
(7.7660221 -0.00011409004 -0.00079473902)
(7.7834858 -0.00011884708 -0.00078806564)
(7.8008279 -0.00012340085 -0.00078149206)
(7.8180397 -0.00012813749 -0.00077504784)
(7.8351545 -0.00013153749 -0.000768399)
(7.8520639 -0.00013947293 -0.00076429222)
(7.8691827 -0.0001312193 -0.00074081546)
(7.88488 -0.00023312157 -0.00085130717)
(7.9107056 -5.9600131e-05 -0.00069090951)
(7.1558772 -0.00091738561 -0.00049013524)
(7.1900044 -0.0012524824 -0.00091861113)
(7.2246669 -0.0012536889 -0.0010436982)
(7.2567843 -0.0012226322 -0.0010612108)
(7.2876449 -0.0011904039 -0.0010515197)
(7.3183966 -0.0011636982 -0.0010383148)
(7.3489873 -0.0011435331 -0.001026188)
(7.3791085 -0.0011285287 -0.0010151003)
(7.4087058 -0.001117253 -0.0010045249)
(7.4378556 -0.0011087312 -0.00099420451)
(7.4665999 -0.0011022998 -0.00098407685)
(7.4949378 -0.0010974558 -0.00097413946)
(7.5228667 -0.0010938086 -0.00096439865)
(7.5503944 -0.0010910541 -0.00095485582)
(7.5775319 -0.0010889638 -0.000945513)
(7.6042875 -0.00108736 -0.00093636936)
(7.6306682 -0.0010861047 -0.00092742168)
(7.6566809 -0.0010850943 -0.00091866746)
(7.6823325 -0.0010842434 -0.00091009919)
(7.7076302 -0.0010834952 -0.00090171519)
(7.7325803 -0.0010827965 -0.00089350614)
(7.7571893 -0.0010821156 -0.00088546956)
(7.7814633 -0.0010814218 -0.00087759734)
(7.8054084 -0.0010806947 -0.00086988455)
(7.8290303 -0.0010799204 -0.00086232624)
(7.8523346 -0.0010790814 -0.0008549142)
(7.875327 -0.0010781776 -0.00084764813)
(7.8980124 -0.0010771877 -0.00084051464)
(7.9203961 -0.0010761236 -0.00083351927)
(7.9424828 -0.0010749576 -0.00082664335)
(7.9642773 -0.0010736979 -0.00081988967)
(7.985784 -0.0010723348 -0.00081325274)
(8.0070067 -0.0010708654 -0.00080672335)
(8.0279512 -0.0010692484 -0.00080029717)
(8.0486149 -0.0010676353 -0.00079399234)
(8.0690181 -0.0010651368 -0.00078748666)
(8.0891247 -0.001066904 -0.00078359015)
(8.1090378 -0.0010410414 -0.00075980663)
(8.1284345 -0.001264239 -0.00086931346)
(8.1576347 -0.0009079075 -0.00071429366)
(7.1380452 -0.00064848571 -0.00048955611)
(7.1366383 -0.0011079885 -0.00091647725)
(7.1360658 -0.0012898659 -0.0010402343)
(7.133234 -0.0013889548 -0.0010569071)
(7.1294975 -0.0014509931 -0.001046861)
(7.12604 -0.0014925114 -0.0010336721)
(7.1228041 -0.0015203546 -0.0010218156)
(7.1194652 -0.0015377698 -0.0010111585)
(7.1159603 -0.0015469591 -0.0010011046)
(7.1123619 -0.0015497431 -0.00099134764)
(7.1087065 -0.0015476206 -0.00098179081)
(7.1049861 -0.0015417701 -0.00097240569)
(7.1011908 -0.001533103 -0.00096317921)
(7.0973223 -0.0015223207 -0.00095409836)
(7.0933856 -0.0015099667 -0.0009451555)
(7.0893835 -0.0014964589 -0.00093634365)
(7.085317 -0.0014821172 -0.00092765574)
(7.0811878 -0.0014671883 -0.00091908795)
(7.0769977 -0.0014518573 -0.00091063209)
(7.0727487 -0.0014362711 -0.00090228793)
(7.0684426 -0.0014205351 -0.00089404727)
(7.0640811 -0.001404735 -0.00088591025)
(7.0596659 -0.0013889309 -0.00087787118)
(7.055199 -0.0013731698 -0.0008699277)
(7.0506818 -0.0013574872 -0.00086207834)
(7.0461163 -0.0013419054 -0.00085431702)
(7.041504 -0.0013264469 -0.00084664787)
(7.0368467 -0.001311115 -0.00083905857)
(7.032146 -0.0012959274 -0.00083156018)
(7.0274038 -0.001280873 -0.00082413443)
(7.0226216 -0.0012659558 -0.00081678854)
(7.0178019 -0.0012511759 -0.00080952148)
(7.0129453 -0.0012365099 -0.00080232483)
(7.0080574 -0.0012219803 -0.00079520086)
(7.0031298 -0.0012074803 -0.000788168)
(6.998199 -0.0011930338 -0.00078093179)
(6.9931601 -0.0011806994 -0.00077603498)
(6.9883619 -0.0011472641 -0.00075350127)
(6.9827746 -0.0013183825 -0.00084716187)
(6.9757285 -0.0010322685 -0.00070933879)
(7.1193287 0.00064761029 -0.00048934837)
(7.080858 0.0011032698 -0.00091361041)
(7.043638 0.0012815507 -0.0010325816)
(7.0045872 0.0013777162 -0.0010432378)
(6.9651103 0.0014370705 -0.0010267968)
(6.9264232 0.0014758894 -0.0010072434)
(6.8884632 0.0015009182 -0.00098914843)
(6.8508895 0.0015153618 -0.00097236744)
(6.8136311 0.0015214101 -0.00095628897)
(6.7767573 0.0015208883 -0.00094060453)
(6.7403 0.0015153084 -0.00092521998)
(6.7042443 0.0015058665 -0.00091010915)
(6.6685738 0.0014934898 -0.0008952599)
(6.6332843 0.0014788985 -0.00088066077)
(6.5983751 0.0014626526 -0.00086630466)
(6.5638433 0.0014451867 -0.00085218504)
(6.5296844 0.0014268363 -0.00083829492)
(6.4958945 0.0014078602 -0.00082462982)
(6.46247 0.0013884585 -0.0008111816)
(6.4294076 0.0013687851 -0.00079794857)
(6.3967038 0.0013489587 -0.00078492277)
(6.3643552 0.0013290701 -0.00077210261)
(6.3323586 0.001309189 -0.00075948202)
(6.3007106 0.001289368 -0.0007470575)
(6.2694081 0.001269647 -0.00073482621)
(6.2384479 0.0012500558 -0.00072278214)
(6.207827 0.0012306155 -0.00071092628)
(6.1775424 0.0012113414 -0.00069924804)
(6.1475912 0.0011922419 -0.000687754)
(6.1179706 0.0011733232 -0.00067642923)
(6.088678 0.0011545838 -0.00066527478)
(6.0597111 0.0011360235 -0.00065429113)
(6.0310665 0.0011176244 -0.00064346799)
(6.002746 0.0010994092 -0.00063280564)
(5.9747355 0.0010812584 -0.00062232522)
(5.9470735 0.0010632822 -0.00061169556)
(5.9196348 0.0010471316 -0.000603821)
(5.8927741 0.0010118913 -0.00057548733)
(5.8660058 0.0011786369 -0.00068402939)
(5.8266341 0.00088139263 -0.00051747319)
(7.1371613 0.00091690684 -0.00049032353)
(7.1341803 0.0012485099 -0.00091795466)
(7.1320932 0.001246737 -0.0010402052)
(7.1278342 0.0012138193 -0.0010536291)
(7.1227405 0.0011800606 -0.0010394167)
(7.1179895 0.00115184 -0.0010216561)
(7.1135213 0.0011301245 -0.0010050339)
(7.1090085 0.0011135311 -0.00098950137)
(7.1043851 0.0011006351 -0.00097451901)
(7.0997207 0.0010904694 -0.00095982897)
(7.095049 0.0010823764 -0.00094537335)
(7.090359 0.0010758569 -0.00093115346)
(7.0856381 0.0010705172 -0.0009171783)
(7.0808853 0.0010660538 -0.00090345215)
(7.0761028 0.0010622339 -0.00088997888)
(7.0712908 0.0010588784 -0.00087675937)
(7.066448 0.0010558475 -0.00086379134)
(7.0615736 0.0010530331 -0.00085107289)
(7.0566671 0.0010503523 -0.00083859711)
(7.0517282 0.0010477405 -0.000826362)
(7.0467567 0.0010451499 -0.00081435891)
(7.0417524 0.0010425424 -0.00080258458)
(7.036715 0.0010398904 -0.00079103112)
(7.0316444 0.001037172 -0.00077969288)
(7.0265407 0.0010343713 -0.00076856455)
(7.0214039 0.0010314766 -0.00075763799)
(7.016234 0.0010284771 -0.00074691115)
(7.0110312 0.0010253678 -0.00073637178)
(7.0057956 0.0010221391 -0.00072602268)
(7.0005274 0.0010187901 -0.00071584778)
(6.9952267 0.0010153112 -0.00070584476)
(6.989894 0.0010116985 -0.00069601115)
(6.9845285 0.0010079483 -0.00068633383)
(6.9791331 0.0010040207 -0.00067681056)
(6.9736997 0.0010000726 -0.00066745753)
(6.9682504 0.0009951752 -0.0006579198)
(6.9627349 0.0009947208 -0.00065138171)
(6.957243 0.00096608829 -0.00062196929)
(6.9521685 0.0011965565 -0.00074747681)
(6.9433812 0.00081455918 -0.00056322135)
(7.1318421 0.00038277286 -0.00048955161)
(7.1183938 0.00024547124 -0.00091411277)
(7.1062122 0.00010613651 -0.0010324956)
(7.0921708 5.2807479e-05 -0.0010422799)
(7.0776157 2.8084792e-05 -0.0010251288)
(7.0637296 1.2586628e-05 -0.0010051881)
(7.050444 2.3131226e-06 -0.0009870358)
(7.0374204 -4.0285645e-06 -0.00097048489)
(7.024585 -7.2398545e-06 -0.00095487425)
(7.0120014 -7.967062e-06 -0.00093984903)
(6.9996973 -6.7685905e-06 -0.00092527554)
(6.9876554 -4.1165771e-06 -0.00091109613)
(6.975857 -3.8932857e-07 -0.00089727413)
(6.9642958 4.1231146e-06 -0.00088377884)
(6.9529687 9.1977864e-06 -0.00087058769)
(6.9418707 1.4663861e-05 -0.00085768185)
(6.9309955 2.0389192e-05 -0.00084504457)
(6.9203373 2.6271731e-05 -0.00083266358)
(6.9098909 3.223498e-05 -0.00082052465)
(6.8996512 3.821794e-05 -0.00080862092)
(6.8896132 4.4177557e-05 -0.00079694051)
(6.879772 5.0077874e-05 -0.0007854784)
(6.8701229 5.5894572e-05 -0.00077422577)
(6.860661 6.1607625e-05 -0.00076317684)
(6.851382 6.7202792e-05 -0.0007523266)
(6.8422814 7.2671401e-05 -0.00074166758)
(6.8333547 7.8002836e-05 -0.00073119876)
(6.8245978 8.3196906e-05 -0.00072090877)
(6.8160064 8.8243437e-05 -0.00071080189)
(6.8075766 9.3149847e-05 -0.00070086305)
(6.7993041 9.7906341e-05 -0.00069109151)
(6.7911857 0.00010251624 -0.00068148614)
(6.7832163 0.00010699382 -0.00067203593)
(6.7753956 0.00011125046 -0.00066273773)
(6.7677089 0.00011569209 -0.00065361837)
(6.7601892 0.00011862021 -0.00064430954)
(6.7527142 0.00012682679 -0.00063792577)
(6.7456868 0.00011543146 -0.00060926138)
(6.7380695 0.00023609458 -0.00073627642)
(6.7280366 2.9593681e-05 -0.00054631111)
(7.1318305 0.00011315626 -0.00048938323)
(7.118336 0.00010262227 -0.00091445346)
(7.1060881 0.00014799909 -0.0010341215)
(7.0919346 0.00022925772 -0.001045418)
(7.0772254 0.00030369153 -0.001029532)
(7.0631502 0.00036159989 -0.0010104121)
(7.0496457 0.00040465403 -0.00099263127)
(7.0363767 0.00043610469 -0.00097607448)
(7.0232721 0.00045872627 -0.00096016563)
(7.0103977 0.00047461978 -0.00094462468)
(6.997783 0.00048535512 -0.00092937804)
(6.9854119 0.00049212127 -0.00091441493)
(6.9732671 0.00049583199 -0.00089973495)
(6.9613429 0.00049719749 -0.00088533525)
(6.9496372 0.00049676712 -0.00087121448)
(6.9381457 0.00049496782 -0.00085736984)
(6.9268625 0.00049212963 -0.00084379648)
(6.9157825 0.00048850721 -0.00083049086)
(6.9049009 0.00048429971 -0.00081744501)
(6.8942132 0.00047965717 -0.00080465643)
(6.8837148 0.00047470019 -0.00079211618)
(6.8734012 0.0004695169 -0.00077982107)
(6.8632681 0.00046417912 -0.00076776334)
(6.8533114 0.00045873958 -0.00075593759)
(6.8435268 0.00045323897 -0.00074433882)
(6.8339105 0.00044771142 -0.00073295921)
(6.8244584 0.00044217565 -0.00072179715)
(6.815167 0.00043665752 -0.00071084049)
(6.8060323 0.00043115949 -0.00070009267)
(6.797051 0.00042570594 -0.00068953763)
(6.7882194 0.00042028926 -0.0006791737)
(6.7795346 0.00041492535 -0.00066899873)
(6.7709919 0.00040961108 -0.00065900017)
(6.7625923 0.00040432876 -0.00064917544)
(6.7543196 0.0003992103 -0.00063954523)
(6.7462142 0.00039361117 -0.00062974547)
(6.738131 0.0003902818 -0.00062292735)
(6.7305463 0.00037929257 -0.00059368206)
(6.7222469 0.00041052968 -0.00071958147)
(6.711345 0.00034184732 -0.00053131507)
(7.1318305 -0.00011315628 -0.00048938323)
(7.118336 -0.00010262236 -0.00091445345)
(7.1060881 -0.00014799915 -0.0010341215)
(7.0919346 -0.0002292576 -0.001045418)
(7.0772254 -0.0003036914 -0.001029532)
(7.0631502 -0.0003616 -0.0010104121)
(7.0496457 -0.00040465378 -0.00099263129)
(7.0363767 -0.00043610506 -0.0009760745)
(7.0232721 -0.00045872631 -0.00096016565)
(7.0103977 -0.00047461999 -0.00094462466)
(6.997783 -0.00048535555 -0.00092937803)
(6.9854119 -0.00049212123 -0.00091441491)
(6.9732671 -0.00049583263 -0.00089973492)
(6.9613429 -0.00049719759 -0.00088533523)
(6.9496372 -0.00049676757 -0.00087121445)
(6.9381457 -0.00049496836 -0.00085736983)
(6.9268625 -0.00049212985 -0.00084379646)
(6.9157825 -0.00048850851 -0.00083049086)
(6.9049009 -0.00048429963 -0.000817445)
(6.8942132 -0.000479659 -0.00080465641)
(6.8837148 -0.00047470073 -0.00079211615)
(6.8734012 -0.00046951885 -0.00077982103)
(6.8632681 -0.00046418107 -0.00076776331)
(6.8533114 -0.00045874185 -0.00075593753)
(6.8435268 -0.00045324367 -0.00074433878)
(6.8339105 -0.00044771391 -0.00073295913)
(6.8244584 -0.00044218424 -0.00072179714)
(6.815167 -0.00043666163 -0.00071084044)
(6.8060323 -0.00043117467 -0.00070009267)
(6.797051 -0.00042571393 -0.00068953759)
(6.7882194 -0.0004203052 -0.0006791736)
(6.7795346 -0.00041493661 -0.00066899887)
(6.7709919 -0.00040963148 -0.00065900019)
(6.7625923 -0.00040434202 -0.000649176)
(6.7543196 -0.00039923507 -0.00063954567)
(6.7462142 -0.00039362511 -0.00062974653)
(6.738131 -0.00039030685 -0.00062292828)
(6.7305463 -0.0003793093 -0.0005936833)
(6.7222469 -0.00041058507 -0.00071958256)
(6.7113449 -0.00034184012 -0.00053131519)
(7.1318421 -0.00038277289 -0.00048955161)
(7.1183938 -0.00024547132 -0.00091411275)
(7.1062122 -0.00010613657 -0.0010324956)
(7.0921708 -5.2807395e-05 -0.0010422799)
(7.0776157 -2.8084609e-05 -0.0010251288)
(7.0637296 -1.258666e-05 -0.0010051881)
(7.050444 -2.3127657e-06 -0.00098703587)
(7.0374204 4.0283312e-06 -0.00097048493)
(7.024585 7.2398684e-06 -0.0009548743)
(7.0120014 7.9669338e-06 -0.00093984902)
(6.9996973 6.7681782e-06 -0.00092527552)
(6.9876554 4.1167143e-06 -0.00091109608)
(6.975857 3.88843e-07 -0.00089727404)
(6.9642958 -4.1229676e-06 -0.00088377876)
(6.9529687 -9.1978115e-06 -0.00087058756)
(6.9418707 -1.4663944e-05 -0.00085768173)
(6.9309956 -2.0388807e-05 -0.00084504441)
(6.9203374 -2.627241e-05 -0.00083266339)
(6.909891 -3.2234232e-05 -0.00082052444)
(6.8996513 -3.8219126e-05 -0.00080862064)
(6.8896133 -4.4177458e-05 -0.00079694018)
(6.8797721 -5.0078973e-05 -0.00078547794)
(6.8701229 -5.5895556e-05 -0.0007742253)
(6.8606611 -6.1608587e-05 -0.00076317618)
(6.8513821 -6.7205933e-05 -0.00075232588)
(6.8422815 -7.267171e-05 -0.00074166665)
(6.8333548 -7.8008646e-05 -0.00073119778)
(6.824598 -8.3197847e-05 -0.00072090755)
(6.8160066 -8.8254501e-05 -0.00071080046)
(6.8075768 -9.3153795e-05 -0.00070086125)
(6.7993045 -9.7916478e-05 -0.00069108928)
(6.7911861 -0.00010252299 -0.00068148419)
(6.7832167 -0.00010700763 -0.00067203345)
(6.7753961 -0.00011125883 -0.00066273632)
(6.7677094 -0.0001157089 -0.00065361667)
(6.7601898 -0.00011862768 -0.00064430915)
(6.7527149 -0.00012684339 -0.00063792568)
(6.7456874 -0.00011544108 -0.0006092621)
(6.7380701 -0.00023613415 -0.00073627653)
(6.7280371 -2.9578677e-05 -0.00054631119)
(7.1371613 -0.00091690686 -0.00049032353)
(7.1341803 -0.00124851 -0.00091795463)
(7.1320932 -0.001246737 -0.0010402052)
(7.1278342 -0.0012138192 -0.0010536291)
(7.1227405 -0.0011800604 -0.0010394167)
(7.1179895 -0.00115184 -0.0010216562)
(7.1135213 -0.0011301242 -0.001005034)
(7.1090085 -0.0011135314 -0.0009895014)
(7.1043851 -0.0011006354 -0.00097451905)
(7.0997207 -0.0010904699 -0.00095982894)
(7.095049 -0.0010823776 -0.00094537331)
(7.090359 -0.0010758576 -0.0009311534)
(7.0856381 -0.0010705186 -0.00091717822)
(7.0808853 -0.0010660547 -0.00090345208)
(7.0761029 -0.0010622349 -0.00088997878)
(7.0712909 -0.0010588795 -0.00087675929)
(7.0664481 -0.001055848 -0.00086379122)
(7.0615737 -0.0010530348 -0.00085107275)
(7.0566672 -0.0010503524 -0.00083859693)
(7.0517284 -0.0010477429 -0.00082636177)
(7.046757 -0.0010451515 -0.00081435862)
(7.0417526 -0.001042546 -0.00080258418)
(7.0367153 -0.0010398949 -0.00079103075)
(7.0316448 -0.0010371774 -0.00077969236)
(7.0265412 -0.0010343797 -0.00076856403)
(7.0214045 -0.001031484 -0.00075763731)
(7.0162348 -0.0010284915 -0.00074691059)
(7.0110321 -0.0010253793 -0.00073637103)
(7.0057967 -0.0010221624 -0.00072602187)
(7.0005288 -0.0010188102 -0.00071584663)
(6.9952283 -0.0010153341 -0.00070584327)
(6.9898959 -0.0010117238 -0.00069601028)
(6.9845307 -0.0010079772 -0.00068633248)
(6.9791356 -0.0010040519 -0.00067681094)
(6.9737026 -0.001000108 -0.00066745753)
(6.9682536 -0.00099520786 -0.00065792169)
(6.9627385 -0.00099475408 -0.00065138346)
(6.957247 -0.00096612051 -0.00062197221)
(6.9521729 -0.001196617 -0.00074747772)
(6.9433859 -0.00081455238 -0.00056321939)
(7.1193287 -0.0006476103 -0.00048934837)
(7.080858 -0.0011032699 -0.00091361037)
(7.043638 -0.0012815506 -0.0010325815)
(7.0045872 -0.0013777161 -0.0010432378)
(6.9651103 -0.0014370704 -0.0010267968)
(6.9264232 -0.0014758894 -0.0010072435)
(6.8884632 -0.0015009181 -0.00098914859)
(6.8508895 -0.0015153621 -0.00097236755)
(6.8136311 -0.0015214105 -0.00095628909)
(6.7767572 -0.0015208889 -0.00094060455)
(6.7402999 -0.0015153096 -0.00092521996)
(6.7042443 -0.0015058676 -0.00091010904)
(6.6685738 -0.0014934914 -0.00089525973)
(6.6332842 -0.0014789 -0.00088066056)
(6.598375 -0.0014626542 -0.00086630437)
(6.5638432 -0.0014451885 -0.00085218474)
(6.5296843 -0.0014268377 -0.00083829453)
(6.4958943 -0.0014078624 -0.0008246294)
(6.4624699 -0.0013884599 -0.0008111811)
(6.4294074 -0.0013687881 -0.00079794798)
(6.3967036 -0.0013489616 -0.00078492202)
(6.364355 -0.0013290748 -0.00077210165)
(6.3323583 -0.0013091951 -0.00075948094)
(6.3007102 -0.0012893755 -0.00074705604)
(6.2694075 -0.0012696575 -0.00073482452)
(6.2384473 -0.0012500674 -0.00072277995)
(6.2078262 -0.0012306328 -0.00071092392)
(6.1775414 -0.0012113592 -0.00069924504)
(6.1475899 -0.001192269 -0.0006877505)
(6.117969 -0.0011733514 -0.00067642474)
(6.088676 -0.0011546141 -0.00066526939)
(6.0597089 -0.0011360592 -0.00065428628)
(6.0310638 -0.0011176632 -0.00064346226)
(6.0027428 -0.0010994549 -0.00063280242)
(5.9747316 -0.001081308 -0.00062232156)
(5.9470689 -0.0010633353 -0.00061169529)
(5.9196295 -0.0010471844 -0.00060382143)
(5.892768 -0.0010119479 -0.00057549051)
(5.8659987 -0.0011787166 -0.00068403229)
(5.8266264 -0.00088142289 -0.00051747846)
)
;

boundaryField
{
    inlet
    {
        type            fixedValue;
        value           uniform (7.1428571 0 0);
    }
    outlet
    {
        type            zeroGradient;
    }
    walls
    {
        type            noSlip;
    }
}


// ************************************************************************* //
