/*--------------------------------*- C++ -*----------------------------------*\
  =========                 |
  \\      /  F ield         | OpenFOAM: The Open Source CFD Toolbox
   \\    /   O peration     | Website:  https://openfoam.org
    \\  /    A nd           | Version:  14
     \\/     M anipulation  |
\*---------------------------------------------------------------------------*/
FoamFile
{
    format      ascii;
    class       volScalarField;
    location    "50";
    object      p;
}
// * * * * * * * * * * * * * * * * * * * * * * * * * * * * * * * * * * * * * //

dimensions      [0 2 -2 0 0 0 0];

internalField   nonuniform List<scalar> 
1280
(
4.0977505
3.9779703
3.8536077
3.7573685
3.6686962
3.5737645
3.4746364
3.375507
3.2769094
3.1778785
3.0780707
2.9776791
2.8768635
2.7756499
2.6740079
2.5719725
2.4695548
2.3667997
2.2637062
2.1603082
2.0566068
1.9526348
1.8483905
1.7439073
1.6391808
1.5342568
1.429123
1.3238232
1.2183498
1.1127575
1.0070375
0.90121397
0.79530986
0.68934436
0.58332875
0.47734702
0.37120864
0.26554493
0.15832047
0.051570172
4.0967228
3.9777953
3.8535139
3.7572945
3.6686418
3.5737236
3.4746059
3.3754848
3.2768939
3.1778682
3.0780644
2.9776759
2.8768626
2.7756507
2.6740101
2.5719757
2.4695588
2.3668042
2.2637112
2.1603135
2.0566123
1.9526405
1.8483963
1.7439133
1.6391868
1.534263
1.4291293
1.3238296
1.2183565
1.1127644
1.0070447
0.90122133
0.7953176
0.68935234
0.58333723
0.47735544
0.37121961
0.26553576
0.15825024
0.05174624
4.0963711
3.978086
3.8536917
3.7574042
3.6687245
3.5737862
3.4746524
3.375519
3.2769186
3.1778856
3.0780761
2.9776833
2.8768668
2.7756523
2.6740098
2.571974
2.469556
2.3668007
2.2637071
2.160309
2.0566075
1.9526355
1.8483913
1.7439081
1.6391817
1.5342577
1.4291242
1.3238244
1.2183514
1.1127592
1.0070396
0.9012161
0.79531252
0.68934708
0.58333215
0.4773502
0.37121415
0.26552334
0.15820379
0.051849287
4.0962132
3.9781381
3.8536266
3.7573197
3.6686582
3.573737
3.4746156
3.3754914
3.2768979
3.1778702
3.0780649
2.9776752
2.8768611
2.7756485
2.6740075
2.5719727
2.4695557
2.3668009
2.2637079
2.1603101
2.056609
1.9526371
1.8483931
1.74391
1.6391838
1.5342598
1.4291265
1.3238266
1.2183539
1.1127615
1.0070422
0.9012186
0.79531531
0.68934973
0.58333517
0.477353
0.37121718
0.26552426
0.15818786
0.051898943
4.0962132
3.9781381
3.8536266
3.7573197
3.6686582
3.573737
3.4746156
3.3754914
3.2768979
3.1778702
3.0780649
2.9776752
2.8768611
2.7756485
2.6740075
2.5719727
2.4695557
2.3668009
2.2637079
2.1603101
2.056609
1.9526371
1.8483931
1.7439099
1.6391838
1.5342597
1.4291265
1.3238265
1.218354
1.1127614
1.0070423
0.90121849
0.79531542
0.68934958
0.58333531
0.47735278
0.3712174
0.26552398
0.15818832
0.05189843
4.0963711
3.978086
3.8536917
3.7574042
3.6687245
3.5737863
3.4746524
3.375519
3.2769186
3.1778855
3.0780761
2.9776833
2.8768668
2.7756523
2.6740099
2.571974
2.4695561
2.3668006
2.2637072
2.1603089
2.0566076
1.9526354
1.8483914
1.7439079
1.6391818
1.5342575
1.4291244
1.3238242
1.2183517
1.1127588
1.0070398
0.90121578
0.79531284
0.68934667
0.58333256
0.47734959
0.3712148
0.26552253
0.15820512
0.05184781
4.0967228
3.9777953
3.8535139
3.7572946
3.6686418
3.5737236
3.4746058
3.3754848
3.2768939
3.1778682
3.0780644
2.9776758
2.8768627
2.7756507
2.6740102
2.5719756
2.4695589
2.3668041
2.2637113
2.1603134
2.0566125
1.9526403
1.8483965
1.743913
1.6391871
1.5342626
1.4291296
1.3238293
1.218357
1.1127639
1.0070451
0.90122086
0.79531806
0.68935173
0.58333784
0.47735454
0.3712206
0.26553456
0.1582523
0.05174395
4.0977505
3.9779703
3.8536077
3.7573686
3.6686962
3.5737645
3.4746364
3.375507
3.2769093
3.1778784
3.0780707
2.9776791
2.8768636
2.7756498
2.674008
2.5719724
2.469555
2.3667996
2.2637064
2.1603081
2.056607
1.9526346
1.8483907
1.7439071
1.6391811
1.5342564
1.4291233
1.3238228
1.2183504
1.1127569
1.007038
0.9012134
0.79531037
0.68934363
0.58332942
0.47734591
0.37120976
0.26554348
0.1583231
0.051567284
4.097054
3.9777909
3.8535861
3.757378
3.6687063
3.5737714
3.4746414
3.3755111
3.2769132
3.1778822
3.0780742
2.9776826
2.8768669
2.7756531
2.674011
2.5719755
2.4695578
2.3668025
2.263709
2.160311
2.0566095
1.9526374
1.848393
1.7439098
1.6391832
1.5342592
1.4291254
1.3238255
1.2183522
1.1127598
1.0070399
0.90121629
0.79531226
0.68934671
0.58333124
0.47734926
0.3712125
0.26554089
0.15826982
0.051661988
4.0960258
3.9776169
3.8534952
3.7573081
3.6686564
3.5737352
3.4746156
3.3754938
3.2769026
3.1778768
3.0780728
2.9776842
2.8768707
2.7756586
2.6740178
2.5719833
2.4695662
2.3668114
2.2637183
2.1603204
2.0566191
1.9526472
1.8484029
1.7439197
1.6391931
1.5342691
1.4291354
1.3238356
1.2183625
1.1127703
1.0070505
0.90122715
0.79532349
0.68935815
0.58334319
0.47736109
0.37122736
0.26553276
0.15818698
0.051869324
4.095675
3.9779092
3.8536747
3.7574189
3.6687397
3.573798
3.4746619
3.3755274
3.2769266
3.1778932
3.0780835
2.9776905
2.8768737
2.7756591
2.6740164
2.5719804
2.4695623
2.3668068
2.2637131
2.1603148
2.0566133
1.9526411
1.8483968
1.7439135
1.639187
1.5342629
1.4291293
1.3238295
1.2183565
1.1127641
1.0070446
0.90122104
0.79531752
0.68935201
0.58333721
0.47735495
0.37122089
0.26551913
0.15814078
0.051972213
4.0955174
3.9779609
3.8536087
3.7573334
3.6686727
3.5737483
3.474625
3.3755
3.2769062
3.1778783
3.0780728
2.977683
2.8768687
2.775656
2.6740148
2.5719799
2.4695626
2.3668077
2.2637146
2.1603166
2.0566154
1.9526434
1.8483992
1.743916
1.6391897
1.5342656
1.4291322
1.3238323
1.2183595
1.112767
1.0070477
0.90122403
0.79532081
0.68935514
0.58334072
0.47735823
0.3712244
0.2655207
0.15812576
0.052020837
4.0955174
3.9779609
3.8536087
3.7573334
3.6686727
3.5737483
3.474625
3.3755
3.2769062
3.1778783
3.0780728
2.977683
2.8768687
2.775656
2.6740148
2.5719799
2.4695627
2.3668077
2.2637146
2.1603166
2.0566154
1.9526433
1.8483993
1.7439159
1.6391898
1.5342655
1.4291323
1.3238322
1.2183596
1.1127669
1.0070478
0.90122392
0.79532092
0.689355
0.58334086
0.47735802
0.37122462
0.26552042
0.15812622
0.052020323
4.095675
3.9779092
3.8536747
3.7574189
3.6687397
3.573798
3.4746619
3.3755274
3.2769265
3.1778932
3.0780835
2.9776905
2.8768737
2.7756591
2.6740165
2.5719804
2.4695624
2.3668067
2.2637132
2.1603148
2.0566134
1.952641
1.8483969
1.7439133
1.6391872
1.5342627
1.4291295
1.3238293
1.2183568
1.1127638
1.0070449
0.90122073
0.79531784
0.6893516
0.58333761
0.47735435
0.37122153
0.26551834
0.15814211
0.051970727
4.0960258
3.9776169
3.8534952
3.7573081
3.6686564
3.5737353
3.4746156
3.3754938
3.2769026
3.1778767
3.0780728
2.9776841
2.8768708
2.7756586
2.6740179
2.5719832
2.4695663
2.3668114
2.2637184
2.1603203
2.0566192
1.952647
1.848403
1.7439194
1.6391934
1.5342688
1.4291357
1.3238353
1.218363
1.1127698
1.007051
0.90122668
0.79532395
0.68935756
0.5833438
0.47736021
0.37122834
0.26553159
0.15818904
0.051867041
4.097054
3.9777909
3.8535861
3.7573781
3.6687063
3.5737715
3.4746414
3.3755111
3.2769132
3.1778821
3.0780742
2.9776825
2.8768669
2.775653
2.6740111
2.5719754
2.4695579
2.3668025
2.2637092
2.1603108
2.0566096
1.9526372
1.8483932
1.7439095
1.6391835
1.5342587
1.4291257
1.3238251
1.2183528
1.1127593
1.0070403
0.90121573
0.79531276
0.68934599
0.58333189
0.47734817
0.37121359
0.26553946
0.15827238
0.05165919
4.097054
3.9777909
3.8535861
3.757378
3.6687063
3.5737714
3.4746414
3.3755111
3.2769132
3.1778822
3.0780742
2.9776826
2.8768669
2.7756531
2.674011
2.5719755
2.4695578
2.3668025
2.263709
2.1603109
2.0566095
1.9526374
1.8483931
1.7439098
1.6391832
1.5342591
1.4291254
1.3238255
1.2183523
1.1127598
1.0070399
0.90121623
0.79531232
0.68934664
0.58333132
0.47734917
0.37121262
0.2655408
0.15827002
0.051661735
4.0960258
3.9776169
3.8534952
3.7573081
3.6686564
3.5737352
3.4746156
3.3754938
3.2769026
3.1778768
3.0780728
2.9776842
2.8768707
2.7756586
2.6740178
2.5719833
2.4695662
2.3668114
2.2637183
2.1603204
2.0566191
1.9526471
1.8484029
1.7439196
1.6391932
1.5342691
1.4291355
1.3238356
1.2183626
1.1127702
1.0070506
0.90122709
0.79532355
0.6893581
0.58334328
0.47736102
0.37122749
0.26553267
0.15818722
0.051869084
4.095675
3.9779092
3.8536747
3.7574189
3.6687397
3.573798
3.4746619
3.3755274
3.2769266
3.1778932
3.0780835
2.9776905
2.8768737
2.7756591
2.6740164
2.5719804
2.4695623
2.3668068
2.2637131
2.1603148
2.0566133
1.9526411
1.8483968
1.7439134
1.639187
1.5342629
1.4291294
1.3238294
1.2183566
1.1127641
1.0070446
0.90122098
0.79531758
0.68935195
0.58333729
0.47735487
0.37122101
0.26551904
0.158141
0.051971983
4.0955174
3.9779609
3.8536087
3.7573334
3.6686727
3.5737483
3.474625
3.3755
3.2769062
3.1778783
3.0780728
2.977683
2.8768687
2.775656
2.6740148
2.5719799
2.4695627
2.3668077
2.2637146
2.1603166
2.0566154
1.9526434
1.8483993
1.743916
1.6391897
1.5342655
1.4291322
1.3238322
1.2183595
1.1127669
1.0070477
0.90122399
0.79532086
0.68935509
0.58334079
0.47735816
0.37122452
0.26552062
0.15812598
0.052020626
4.0955174
3.9779609
3.8536087
3.7573334
3.6686727
3.5737483
3.474625
3.3755
3.2769062
3.1778783
3.0780728
2.977683
2.8768687
2.775656
2.6740148
2.5719799
2.4695627
2.3668077
2.2637146
2.1603166
2.0566154
1.9526433
1.8483993
1.7439159
1.6391898
1.5342655
1.4291323
1.3238321
1.2183596
1.1127668
1.0070478
0.90122388
0.79532097
0.68935495
0.58334093
0.47735796
0.37122473
0.26552035
0.15812643
0.052020128
4.095675
3.9779092
3.8536747
3.7574189
3.6687397
3.573798
3.4746619
3.3755274
3.2769265
3.1778932
3.0780835
2.9776904
2.8768737
2.7756591
2.6740165
2.5719804
2.4695624
2.3668067
2.2637132
2.1603148
2.0566134
1.952641
1.8483969
1.7439133
1.6391872
1.5342627
1.4291296
1.3238292
1.2183569
1.1127638
1.0070449
0.90122069
0.79531788
0.68935156
0.58333767
0.4773543
0.37122162
0.26551827
0.1581423
0.051970541
4.0960258
3.9776169
3.8534952
3.7573081
3.6686564
3.5737353
3.4746156
3.3754938
3.2769026
3.1778767
3.0780728
2.9776841
2.8768708
2.7756586
2.6740179
2.5719832
2.4695663
2.3668114
2.2637184
2.1603203
2.0566193
1.952647
1.848403
1.7439194
1.6391934
1.5342687
1.4291358
1.3238353
1.218363
1.1127697
1.007051
0.90122665
0.79532398
0.68935754
0.58334385
0.47736018
0.37122842
0.26553155
0.15818922
0.051866881
4.097054
3.9777909
3.8535861
3.7573781
3.6687063
3.5737715
3.4746414
3.3755111
3.2769132
3.1778821
3.0780742
2.9776825
2.8768669
2.775653
2.6740111
2.5719754
2.4695579
2.3668024
2.2637092
2.1603108
2.0566097
1.9526372
1.8483933
1.7439095
1.6391836
1.5342587
1.4291257
1.3238251
1.2183528
1.1127592
1.0070403
0.90121571
0.79531277
0.68934598
0.58333191
0.47734814
0.37121364
0.26553942
0.15827252
0.051659035
4.0977505
3.9779703
3.8536077
3.7573685
3.6686962
3.5737645
3.4746364
3.375507
3.2769094
3.1778785
3.0780707
2.9776791
2.8768635
2.7756498
2.6740079
2.5719725
2.4695548
2.3667996
2.2637063
2.1603082
2.0566069
1.9526348
1.8483906
1.7439073
1.6391808
1.5342567
1.4291231
1.3238231
1.21835
1.1127574
1.0070376
0.90121384
0.79530996
0.68934419
0.58332888
0.47734675
0.37120888
0.26554461
0.15832113
0.051569408
4.0967228
3.9777953
3.8535139
3.7572946
3.6686418
3.5737236
3.4746058
3.3754848
3.2768939
3.1778682
3.0780644
2.9776759
2.8768626
2.7756507
2.6740101
2.5719757
2.4695588
2.3668042
2.2637112
2.1603135
2.0566124
1.9526405
1.8483964
1.7439132
1.6391869
1.5342629
1.4291294
1.3238295
1.2183567
1.1127642
1.0070448
0.90122119
0.79531769
0.68935216
0.58333734
0.47735515
0.37121983
0.26553541
0.15825082
0.051745554
4.0963711
3.978086
3.8536917
3.7574042
3.6687245
3.5737862
3.4746524
3.375519
3.2769186
3.1778855
3.0780761
2.9776833
2.8768668
2.7756523
2.6740099
2.571974
2.4695561
2.3668006
2.2637072
2.160309
2.0566076
1.9526355
1.8483913
1.743908
1.6391818
1.5342576
1.4291242
1.3238243
1.2183516
1.112759
1.0070397
0.90121596
0.79531261
0.68934691
0.58333226
0.47734993
0.37121437
0.26552299
0.15820438
0.05184864
4.0962132
3.9781381
3.8536266
3.7573197
3.6686582
3.573737
3.4746156
3.3754914
3.2768979
3.1778702
3.0780649
2.9776752
2.8768611
2.7756485
2.6740075
2.5719727
2.4695557
2.3668009
2.2637079
2.1603101
2.056609
1.9526371
1.8483932
1.7439099
1.6391839
1.5342597
1.4291265
1.3238265
1.218354
1.1127614
1.0070423
0.90121847
0.79531539
0.68934957
0.58333526
0.47735274
0.37121737
0.26552393
0.15818841
0.05189833
4.0962132
3.9781381
3.8536266
3.7573197
3.6686582
3.573737
3.4746156
3.3754914
3.2768979
3.1778702
3.0780649
2.9776752
2.8768611
2.7756485
2.6740075
2.5719727
2.4695557
2.3668009
2.263708
2.1603101
2.0566091
1.952637
1.8483932
1.7439099
1.6391839
1.5342596
1.4291266
1.3238265
1.2183541
1.1127613
1.0070423
0.90121837
0.79531549
0.68934944
0.58333539
0.47735255
0.37121756
0.26552367
0.15818884
0.051897865
4.0963711
3.978086
3.8536917
3.7574042
3.6687245
3.5737863
3.4746524
3.375519
3.2769186
3.1778855
3.0780761
2.9776833
2.8768668
2.7756523
2.6740099
2.5719739
2.4695562
2.3668006
2.2637072
2.1603089
2.0566077
1.9526353
1.8483914
1.7439079
1.6391819
1.5342574
1.4291244
1.3238241
1.2183519
1.1127587
1.0070399
0.90121569
0.79531289
0.68934655
0.58333262
0.47734939
0.37121494
0.26552226
0.15820561
0.051847302
4.0967227
3.9777953
3.8535139
3.7572946
3.6686418
3.5737237
3.4746058
3.3754848
3.2768939
3.1778682
3.0780644
2.9776758
2.8768627
2.7756506
2.6740102
2.5719756
2.4695589
2.3668041
2.2637114
2.1603134
2.0566125
1.9526403
1.8483965
1.743913
1.6391872
1.5342625
1.4291297
1.3238292
1.2183571
1.1127638
1.0070451
0.90122078
0.79531808
0.68935164
0.58333786
0.47735437
0.37122069
0.26553433
0.15825271
0.051743483
4.0977505
3.9779703
3.8536077
3.7573686
3.6686962
3.5737645
3.4746364
3.375507
3.2769093
3.1778784
3.0780707
2.977679
2.8768636
2.7756498
2.674008
2.5719724
2.469555
2.3667996
2.2637064
2.1603081
2.056607
1.9526346
1.8483907
1.743907
1.6391811
1.5342563
1.4291234
1.3238227
1.2183505
1.1127569
1.007038
0.90121336
0.79531037
0.68934358
0.58332942
0.47734579
0.37120984
0.26554331
0.15832358
0.051566796
)
;

boundaryField
{
    inlet
    {
        type            zeroGradient;
    }
    outlet
    {
        type            fixedValue;
        value           uniform 0;
    }
    walls
    {
        type            zeroGradient;
    }
}


// ************************************************************************* //
