/*--------------------------------*- C++ -*----------------------------------*\
  =========                 |
  \\      /  F ield         | OpenFOAM: The Open Source CFD Toolbox
   \\    /   O peration     | Website:  https://openfoam.org
    \\  /    A nd           | Version:  14
     \\/     M anipulation  |
\*---------------------------------------------------------------------------*/
FoamFile
{
    format      ascii;
    class       surfaceScalarField;
    location    "50";
    object      phi;
}
// * * * * * * * * * * * * * * * * * * * * * * * * * * * * * * * * * * * * * //

dimensions      [0 3 -1 0 0 0 0];

internalField   nonuniform List<scalar> 
3328
(
6.2150334e-06
1.8677501e-08
1.6289024e-08
6.1801698e-06
1.8711731e-08
1.6151093e-08
6.1456565e-06
1.8540115e-08
1.597361e-08
6.1114409e-06
1.8433848e-08
1.5780019e-08
6.0775897e-06
1.8281247e-08
1.5571502e-08
6.0441028e-06
1.8121152e-08
1.5363939e-08
6.010978e-06
1.7963868e-08
1.5162761e-08
5.9782056e-06
1.7806383e-08
1.496538e-08
5.945787e-06
1.7648246e-08
1.4771344e-08
5.9137181e-06
1.7489914e-08
1.4580604e-08
5.8819922e-06
1.7331743e-08
1.4393055e-08
5.850611e-06
1.7174587e-08
1.4209343e-08
5.819563e-06
1.7017294e-08
1.4028012e-08
5.7888535e-06
1.686111e-08
1.3850254e-08
5.7584715e-06
1.6704968e-08
1.3674757e-08
5.7284194e-06
1.6549684e-08
1.3502287e-08
5.6986917e-06
1.6394921e-08
1.3332382e-08
5.6692845e-06
1.6240467e-08
1.3164781e-08
5.640199e-06
1.6086902e-08
1.3000043e-08
5.6114271e-06
1.5933158e-08
1.2837103e-08
5.5829716e-06
1.5780117e-08
1.2676855e-08
5.5548267e-06
1.5626728e-08
1.2518456e-08
5.5269912e-06
1.5473152e-08
1.2362023e-08
5.4994667e-06
1.5319085e-08
1.2207763e-08
5.4722462e-06
1.5163432e-08
1.205449e-08
5.4453384e-06
1.5006794e-08
1.1903648e-08
5.4187349e-06
1.4847031e-08
1.175301e-08
5.3924473e-06
1.4685002e-08
1.1604492e-08
5.3664705e-06
1.4518114e-08
1.1455468e-08
5.3408146e-06
1.4347219e-08
1.1308087e-08
5.3154842e-06
1.4169683e-08
1.1159701e-08
5.2904843e-06
1.3986026e-08
1.1012138e-08
5.2658283e-06
1.379361e-08
1.0862837e-08
5.241521e-06
1.3593242e-08
1.0713719e-08
5.2175778e-06
1.338142e-08
1.0561622e-08
5.1940112e-06
1.3160841e-08
1.0409037e-08
5.1708127e-06
1.2934859e-08
1.0261112e-08
5.1482071e-06
1.2637756e-08
9.9783458e-09
5.1206161e-06
1.5480084e-08
1.2097944e-08
8.963726e-09
7.6589457e-09
6.2461248e-06
6.2633113e-09
1.6289257e-08
6.2422048e-06
6.4598032e-09
1.6171228e-08
6.238282e-06
6.4473456e-09
1.6016027e-08
6.2343302e-06
6.5418331e-09
1.5842016e-08
6.2303627e-06
6.6019323e-09
1.5648369e-08
6.2263736e-06
6.6569118e-09
1.5451529e-08
6.2223675e-06
6.7139666e-09
1.5257821e-08
6.2183383e-06
6.7691237e-09
1.5065867e-08
6.2142887e-06
6.8228672e-09
1.4875954e-08
6.210217e-06
6.8744852e-09
1.4688665e-08
6.2061198e-06
6.923522e-09
1.4504351e-08
6.2020015e-06
6.9716068e-09
1.4323876e-08
6.197854e-06
7.0160515e-09
1.4146225e-08
6.1936845e-06
7.0598318e-09
1.3972545e-08
6.1894854e-06
7.1000772e-09
1.3801851e-08
6.1852612e-06
7.1389236e-09
1.3634814e-08
6.1810093e-06
7.1753094e-09
1.3471102e-08
6.1767284e-06
7.2090638e-09
1.3310468e-08
6.1724217e-06
7.2415353e-09
1.3153377e-08
6.1680839e-06
7.2705301e-09
1.2998898e-08
6.1637193e-06
7.2984445e-09
1.2847723e-08
6.1593239e-06
7.3232508e-09
1.2699097e-08
6.1548978e-06
7.345958e-09
1.255303e-08
6.1504427e-06
7.3667594e-09
1.2409619e-08
6.145952e-06
7.3838787e-09
1.2267746e-08
6.1414326e-06
7.4002035e-09
1.2128516e-08
6.1368748e-06
7.4117588e-09
1.1989873e-08
6.1322856e-06
7.4225855e-09
1.1853326e-08
6.1276564e-06
7.4280463e-09
1.1716357e-08
6.1229902e-06
7.4321672e-09
1.1580722e-08
6.1182843e-06
7.4309204e-09
1.1443689e-08
6.1135348e-06
7.4271049e-09
1.130688e-08
6.1087438e-06
7.4175952e-09
1.1167387e-08
6.1039055e-06
7.4042154e-09
1.1027077e-08
6.0990174e-06
7.3870725e-09
1.0882258e-08
6.0940955e-06
7.3500384e-09
1.0735658e-08
6.0890514e-06
7.3854779e-09
1.0591141e-08
6.0843373e-06
7.0566463e-09
1.0304558e-08
6.077981e-06
9.1186459e-09
1.2706252e-08
5.4692558e-09
7.7374238e-09
6.2368659e-06
3.1104715e-09
1.6286868e-08
6.2239956e-06
3.2190288e-09
1.6110319e-08
6.2113543e-06
3.1939139e-09
1.5895102e-08
6.1989827e-06
3.2375415e-09
1.5674274e-08
6.1868821e-06
3.258189e-09
1.5445839e-08
6.1750394e-06
3.2738411e-09
1.5223978e-08
6.1634516e-06
3.2908178e-09
1.5012774e-08
6.1521057e-06
3.3051996e-09
1.4809114e-08
6.1409989e-06
3.3188603e-09
1.4611819e-08
6.1301236e-06
3.3309835e-09
1.4420367e-08
6.1194707e-06
3.3411062e-09
1.4234245e-08
6.1090395e-06
3.3517497e-09
1.4053581e-08
6.0988169e-06
3.3592462e-09
1.3876905e-08
6.0888055e-06
3.3680818e-09
1.3704886e-08
6.0789931e-06
3.3741056e-09
1.3536319e-08
6.0693797e-06
3.3805771e-09
1.33716e-08
6.0599584e-06
3.3858703e-09
1.3210279e-08
6.0507238e-06
3.3898978e-09
1.3051999e-08
6.041675e-06
3.3945151e-09
1.2897131e-08
6.0328026e-06
3.3966531e-09
1.2744748e-08
6.0241072e-06
3.3997262e-09
1.2595471e-08
6.0155813e-06
3.4008862e-09
1.2448594e-08
6.0072213e-06
3.4015606e-09
1.2304106e-08
5.9990259e-06
3.4022043e-09
1.2162145e-08
5.9909855e-06
3.4001761e-09
1.202164e-08
5.9831045e-06
3.3999745e-09
1.1883727e-08
5.9753709e-06
3.3957779e-09
1.1746432e-08
5.9677899e-06
3.393874e-09
1.1611339e-08
5.9603515e-06
3.387571e-09
1.1475994e-08
5.9530577e-06
3.3831226e-09
1.1342306e-08
5.9459051e-06
3.3749988e-09
1.1207554e-08
5.9388895e-06
3.3674852e-09
1.1073628e-08
5.9320134e-06
3.3566146e-09
1.0937555e-08
5.92527e-06
3.3456495e-09
1.0801529e-08
5.9186626e-06
3.3325225e-09
1.0661912e-08
5.9121848e-06
3.3096136e-09
1.0521115e-08
5.9058535e-06
3.3304344e-09
1.0384094e-08
5.899652e-06
3.1510589e-09
1.0116283e-08
5.8920933e-06
4.1130491e-09
1.2552917e-08
2.4582032e-09
7.4604729e-09
6.2368253e-06
-2.9915531e-14
1.6285138e-08
6.2239254e-06
-2.0516597e-13
1.6118341e-08
6.2111952e-06
1.2086953e-13
1.5924463e-08
6.1987076e-06
-4.8366181e-13
1.5723956e-08
6.1864578e-06
4.4191133e-13
1.5509026e-08
6.1744367e-06
-5.2394978e-13
1.5293654e-08
6.1626457e-06
5.1582269e-13
1.5083136e-08
6.1510747e-06
-1.8292709e-13
1.4875736e-08
6.1397229e-06
2.5453842e-13
1.4671389e-08
6.1285844e-06
4.6225562e-13
1.4470482e-08
6.1176517e-06
-3.6046267e-13
1.427322e-08
6.1069249e-06
7.9822103e-13
1.4080241e-08
6.0963919e-06
-7.906079e-13
1.389055e-08
6.0860561e-06
5.3812798e-13
1.3705077e-08
6.0759058e-06
-6.2184217e-13
1.3522912e-08
6.0659418e-06
-9.3286078e-14
1.3344595e-08
6.0561575e-06
-1.01303e-13
1.316982e-08
6.0465479e-06
-6.6445834e-13
1.2998337e-08
6.0371128e-06
4.2133709e-13
1.2830547e-08
6.027843e-06
-6.4128176e-13
1.2665616e-08
6.0187396e-06
3.6336118e-13
1.2504137e-08
6.0097954e-06
-8.0967253e-14
1.2345463e-08
6.0010074e-06
-2.4746254e-13
1.2189556e-08
5.9923746e-06
5.6187435e-13
1.2036554e-08
5.9838881e-06
-1.0449631e-12
1.1885392e-08
5.9755525e-06
7.5322386e-13
1.1737143e-08
5.9673568e-06
-1.3409035e-12
1.1589858e-08
5.9593065e-06
6.6586193e-13
1.1445035e-08
5.9513925e-06
-1.4193167e-12
1.1300237e-08
5.9436175e-06
1.7181915e-13
1.1157281e-08
5.9359791e-06
-9.0699893e-13
1.1013432e-08
5.9284741e-06
2.4755153e-13
1.0870512e-08
5.9211063e-06
-4.4166755e-13
1.0725502e-08
5.9138696e-06
1.1829482e-12
1.0580547e-08
5.9067708e-06
-3.739908e-13
1.0431883e-08
5.8997979e-06
3.0026075e-12
1.0282139e-08
5.8929909e-06
-5.1169748e-13
1.0135968e-08
5.8862893e-06
5.4821448e-12
9.8560084e-09
5.8781208e-06
-3.3325392e-12
1.2274128e-08
6.2642408e-12
7.2116089e-09
6.2368253e-06
-3.1105293e-09
1.6285138e-08
6.2239254e-06
-3.2194359e-09
1.6118342e-08
6.2111952e-06
-3.193674e-09
1.5924461e-08
6.1987076e-06
-3.2385002e-09
1.572396e-08
6.1864578e-06
-3.2573157e-09
1.5509021e-08
6.1744367e-06
-3.2748788e-09
1.5293659e-08
6.1626457e-06
-3.2897934e-09
1.5083132e-08
6.1510747e-06
-3.3055673e-09
1.4875736e-08
6.1397229e-06
-3.3183447e-09
1.4671392e-08
6.1285844e-06
-3.3300776e-09
1.4470475e-08
6.1176517e-06
-3.3418057e-09
1.427323e-08
6.1069249e-06
-3.3501792e-09
1.4080231e-08
6.0963919e-06
-3.360799e-09
1.3890562e-08
6.0860561e-06
-3.3670182e-09
1.3705071e-08
6.0759058e-06
-3.3753378e-09
1.3522918e-08
6.0659418e-06
-3.3807481e-09
1.33446e-08
6.0561575e-06
-3.3860831e-09
1.3169817e-08
6.0465479e-06
-3.3911861e-09
1.2998351e-08
6.0371128e-06
-3.3936968e-09
1.2830536e-08
6.0278429e-06
-3.3978943e-09
1.2665632e-08
6.0187395e-06
-3.3990076e-09
1.250413e-08
6.0097953e-06
-3.4010325e-09
1.2345473e-08
6.0010073e-06
-3.4020301e-09
1.2189559e-08
5.9923746e-06
-3.4011042e-09
1.2036553e-08
5.983888e-06
-3.4021943e-09
1.1885403e-08
5.9755525e-06
-3.3985267e-09
1.1737132e-08
5.9673567e-06
-3.3983615e-09
1.1589866e-08
5.9593065e-06
-3.392632e-09
1.1445007e-08
5.9513925e-06
-3.390283e-09
1.1300224e-08
5.9436175e-06
-3.3829042e-09
1.1157221e-08
5.9359793e-06
-3.3766685e-09
1.1013383e-08
5.9284744e-06
-3.367183e-09
1.087039e-08
5.9211067e-06
-3.3573275e-09
1.0725393e-08
5.9138703e-06
-3.3435768e-09
1.0580322e-08
5.9067718e-06
-3.3330641e-09
1.0431683e-08
5.8997992e-06
-3.3040394e-09
1.0281758e-08
5.8929929e-06
-3.3312258e-09
1.0135626e-08
5.8862918e-06
-3.1406338e-09
9.8554361e-09
5.8781243e-06
-4.119357e-09
1.2273479e-08
-2.4463058e-09
7.2108222e-09
6.2368659e-06
-6.2633607e-09
1.6286868e-08
6.2239956e-06
-6.460206e-09
1.6110319e-08
6.2113543e-06
-6.4471079e-09
1.58951e-08
6.1989827e-06
-6.5427731e-09
1.5674275e-08
6.1868821e-06
-6.6010935e-09
1.5445837e-08
6.1750394e-06
-6.6579142e-09
1.5223978e-08
6.1634516e-06
-6.7129761e-09
1.5012777e-08
6.1521057e-06
-6.7694787e-09
1.4809109e-08
6.140999e-06
-6.8223511e-09
1.4611829e-08
6.1301236e-06
-6.8736152e-09
1.4420359e-08
6.1194707e-06
-6.9241635e-09
1.4234259e-08
6.1090395e-06
-6.9701048e-09
1.4053574e-08
6.0988169e-06
-7.0175031e-09
1.3876916e-08
6.0888055e-06
-7.0588288e-09
1.3704887e-08
6.0789931e-06
-7.1012541e-09
1.353632e-08
6.0693797e-06
-7.1390933e-09
1.3371615e-08
6.0599584e-06
-7.1755445e-09
1.3210274e-08
6.0507238e-06
-7.2102762e-09
1.3052025e-08
6.041675e-06
-7.2408123e-09
1.2897126e-08
6.0328026e-06
-7.2716878e-09
1.2744779e-08
6.0241073e-06
-7.2978025e-09
1.2595479e-08
6.0155813e-06
-7.3233822e-09
1.2448623e-08
6.0072214e-06
-7.346398e-09
1.2304131e-08
5.9990259e-06
-7.3657765e-09
1.2162169e-08
5.9909856e-06
-7.3857359e-09
1.2021685e-08
5.9831045e-06
-7.3989996e-09
1.1883748e-08
5.975371e-06
-7.4140846e-09
1.174649e-08
5.96779e-06
-7.4216675e-09
1.1611356e-08
5.9603517e-06
-7.4304556e-09
1.1476067e-08
5.9530578e-06
-7.4323237e-09
1.1342304e-08
5.9459053e-06
-7.4321996e-09
1.1207639e-08
5.9388896e-06
-7.4272221e-09
1.1073584e-08
5.9320134e-06
-7.4176745e-09
1.0937643e-08
5.9252699e-06
-7.4026044e-09
1.0801419e-08
5.9186622e-06
-7.3865723e-09
1.0661986e-08
5.912184e-06
-7.3449688e-09
1.0520901e-08
5.9058523e-06
-7.384662e-09
1.0384112e-08
5.8996502e-06
-7.0468142e-09
1.0115959e-08
5.8920914e-06
-9.1223328e-09
1.255261e-08
-5.4578283e-09
7.4600751e-09
6.2461247e-06
-1.8677445e-08
1.6289256e-08
6.2422047e-06
-1.871209e-08
1.6171238e-08
6.2382819e-06
-1.8539918e-08
1.6016015e-08
6.2343302e-06
-1.8434677e-08
1.5842044e-08
6.2303628e-06
-1.8280682e-08
1.5648341e-08
6.2263737e-06
-1.8121991e-08
1.5451559e-08
6.2223677e-06
-1.7963153e-08
1.5257797e-08
6.2183385e-06
-1.7806674e-08
1.5065873e-08
6.214289e-06
-1.7647832e-08
1.4875956e-08
6.2102172e-06
-1.7489191e-08
1.4688632e-08
6.2061199e-06
-1.7332164e-08
1.4504389e-08
6.2020016e-06
-1.7173357e-08
1.4323824e-08
6.197854e-06
-1.7018312e-08
1.4146279e-08
6.1936845e-06
-1.6860363e-08
1.3972513e-08
6.1894854e-06
-1.6705905e-08
1.3801881e-08
6.1852613e-06
-1.6549958e-08
1.3634829e-08
6.1810096e-06
-1.6395314e-08
1.3471091e-08
6.1767289e-06
-1.6241641e-08
1.3310527e-08
6.1724225e-06
-1.6086722e-08
1.3153337e-08
6.168085e-06
-1.5934364e-08
1.2998967e-08
6.1637208e-06
-1.5780137e-08
1.2847697e-08
6.1593259e-06
-1.5627202e-08
1.2699141e-08
6.1549003e-06
-1.5474045e-08
1.2553046e-08
6.1504456e-06
-1.5318806e-08
1.2409627e-08
6.1459555e-06
-1.5165544e-08
1.2267802e-08
6.1414366e-06
-1.5006555e-08
1.2128504e-08
6.1368795e-06
-1.4849476e-08
1.1989919e-08
6.1322909e-06
-1.4685097e-08
1.1853286e-08
6.1276626e-06
-1.4520856e-08
1.1716349e-08
6.1229972e-06
-1.4348431e-08
1.1580628e-08
6.1182923e-06
-1.4171358e-08
1.1443573e-08
6.1135437e-06
-1.3987122e-08
1.1306633e-08
6.1087535e-06
-1.3793667e-08
1.1167089e-08
6.1039158e-06
-1.3592534e-08
1.1026529e-08
6.0990284e-06
-1.3380116e-08
1.0881689e-08
6.0941071e-06
-1.3156651e-08
1.0734638e-08
6.0890635e-06
-1.2932242e-08
1.0590174e-08
6.0843502e-06
-1.2629467e-08
1.030299e-08
6.0779975e-06
-1.5482749e-08
1.2704454e-08
-8.9535018e-09
7.7351763e-09
6.2150335e-06
1.6289023e-08
6.1801699e-06
1.615111e-08
6.1456566e-06
1.5973598e-08
6.111441e-06
1.5780058e-08
6.0775896e-06
1.5571469e-08
6.0441027e-06
1.5363974e-08
6.0109778e-06
1.5162731e-08
5.9782054e-06
1.4965382e-08
5.9457868e-06
1.4771343e-08
5.9137178e-06
1.4580555e-08
5.881992e-06
1.4393103e-08
5.8506107e-06
1.4209275e-08
5.819563e-06
1.4028087e-08
5.7888533e-06
1.3850225e-08
5.7584715e-06
1.3674808e-08
5.7284191e-06
1.350233e-08
5.6986912e-06
1.3332388e-08
5.6692838e-06
1.3164884e-08
5.6401977e-06
1.3000014e-08
5.6114253e-06
1.2837211e-08
5.5829691e-06
1.2676857e-08
5.5548236e-06
1.2518524e-08
5.5269873e-06
1.2362103e-08
5.4994618e-06
1.2207798e-08
5.4722405e-06
1.2054679e-08
5.4453314e-06
1.1903705e-08
5.4187272e-06
1.1753275e-08
5.3924381e-06
1.1604621e-08
5.3664602e-06
1.1455825e-08
5.3408028e-06
1.1308329e-08
5.3154711e-06
1.1160153e-08
5.2904702e-06
1.1012494e-08
5.2658139e-06
1.0863457e-08
5.2415063e-06
1.0714195e-08
5.2175643e-06
1.0562547e-08
5.1939988e-06
1.0409646e-08
5.1708038e-06
1.0262471e-08
5.1481991e-06
9.9792201e-09
5.1206107e-06
1.2100872e-08
7.6595991e-09
6.2476045e-06
1.868443e-08
-1.6937426e-14
6.2450082e-06
1.8746749e-08
-1.3954613e-13
6.242383e-06
1.8599219e-08
8.0864882e-14
6.2396495e-06
1.8512069e-08
-3.208203e-13
6.236841e-06
1.8381258e-08
2.8238515e-13
6.2339569e-06
1.8246565e-08
-3.3738694e-13
6.2310035e-06
1.811765e-08
3.2832742e-13
6.2279772e-06
1.7991144e-08
-1.1469831e-13
6.2248834e-06
1.7866079e-08
1.6633488e-13
6.2217226e-06
1.7742544e-08
2.9608135e-13
6.2184943e-06
1.7620566e-08
-2.1713584e-13
6.2152051e-06
1.7500646e-08
5.0019288e-13
6.2118494e-06
1.7381583e-08
-4.7753926e-13
6.2084369e-06
1.726427e-08
3.2212256e-13
6.2049622e-06
1.7147682e-08
-3.826995e-13
6.2014321e-06
1.7032372e-08
-7.3574284e-14
6.1978461e-06
1.691799e-08
-8.6283898e-14
6.1942052e-06
1.6804246e-08
-4.1594676e-13
6.1905149e-06
1.6691581e-08
1.9928484e-13
6.1867718e-06
1.6579014e-08
-3.9358822e-13
6.1829827e-06
1.6467227e-08
1.2951461e-13
6.1791462e-06
1.635528e-08
-5.6041473e-14
6.175265e-06
1.6243228e-08
-2.6189922e-13
6.1713439e-06
1.6130753e-08
2.9787886e-13
6.1673799e-06
1.601684e-08
-7.7621303e-13
6.1633837e-06
1.5901908e-08
3.5854135e-13
6.1593506e-06
1.5784026e-08
-9.8312431e-13
6.1552927e-06
1.5663833e-08
2.5898042e-13
6.1512075e-06
1.5538936e-08
-1.1237382e-12
6.147105e-06
1.5410005e-08
-8.9193152e-14
6.1429902e-06
1.5274466e-08
-8.58296e-13
6.138868e-06
1.5132818e-08
-5.4555464e-14
6.1347496e-06
1.4982312e-08
-5.0965003e-13
6.1306384e-06
1.4823781e-08
5.6391704e-13
6.1265468e-06
1.4653634e-08
-3.0933369e-13
6.1224824e-06
1.4474377e-08
1.800007e-12
6.1184529e-06
1.4288609e-08
-8.0304987e-14
6.1144152e-06
1.4021946e-08
3.2694361e-12
6.1095883e-06
1.6915336e-08
-1.5927483e-12
1.0503606e-08
4.4988075e-12
6.278715e-06
6.2585636e-09
-1.6798037e-14
6.3071262e-06
6.5061886e-09
-1.427956e-13
6.3352049e-06
6.5369277e-09
8.3662923e-14
6.3628977e-06
6.6598081e-09
-3.2558616e-13
6.3901861e-06
6.7425391e-09
2.8608918e-13
6.4170658e-06
6.8168352e-09
-3.4009749e-13
6.4435522e-06
6.8906174e-09
3.2943264e-13
6.469648e-06
6.9606016e-09
-1.16468e-13
6.4953633e-06
7.0276627e-09
1.661281e-13
6.5207043e-06
7.0915098e-09
2.8975099e-13
6.5456763e-06
7.1520285e-09
-2.131262e-13
6.570292e-06
7.2109964e-09
4.8789796e-13
6.5945516e-06
7.2661156e-09
-4.6527138e-13
6.6184695e-06
7.3203029e-09
3.1321446e-13
6.6420463e-06
7.3710433e-09
-3.6969699e-13
6.665293e-06
7.4203893e-09
-6.7037995e-14
6.6882143e-06
7.46746e-09
-8.0147323e-14
6.7108155e-06
7.5121456e-09
-3.9090571e-13
6.7331058e-06
7.555734e-09
1.9630452e-13
6.7550863e-06
7.5962631e-09
-3.6404143e-13
6.7767666e-06
7.6359334e-09
1.3624863e-13
6.7981484e-06
7.6729375e-09
-4.062297e-14
6.8192364e-06
7.7082035e-09
-2.2390899e-13
6.8400367e-06
7.7419134e-09
2.9738754e-13
6.8605471e-06
7.7724982e-09
-6.845501e-13
6.880777e-06
7.8025236e-09
3.6383704e-13
6.9007204e-06
7.8284764e-09
-8.5022174e-13
6.9203848e-06
7.8539239e-09
2.9256618e-13
6.9397636e-06
7.8747764e-09
-9.2636153e-13
6.9588591e-06
7.8945679e-09
1.1485514e-14
6.9776674e-06
7.9097339e-09
-6.1529793e-13
6.9961826e-06
7.9227368e-09
1.0343511e-13
7.0144024e-06
7.9307845e-09
-2.0576607e-13
7.0323164e-06
7.9354404e-09
7.5185961e-13
7.0499155e-06
7.9369543e-09
1.0021526e-13
7.067206e-06
7.9199837e-09
1.9830216e-12
7.0841119e-06
7.9716139e-09
4.6569599e-13
7.100765e-06
7.6781211e-09
3.5511466e-12
7.120859e-06
9.5183518e-09
-7.218637e-13
6.4211738e-09
5.094515e-12
6.2694356e-06
3.1097612e-09
-1.6645988e-14
6.2888118e-06
3.2396293e-09
-1.4244206e-13
6.3080202e-06
3.2240697e-09
8.159265e-14
6.3270824e-06
3.2703284e-09
-3.2370673e-13
6.3459774e-06
3.2947248e-09
2.8286985e-13
6.3647003e-06
3.3163455e-09
-3.3791364e-13
6.3832643e-06
3.3410386e-09
3.287732e-13
6.4016688e-06
3.3645406e-09
-1.1596083e-13
6.4199209e-06
3.3883162e-09
1.6922418e-13
6.4380227e-06
3.4113297e-09
2.8866221e-13
6.4559752e-06
3.4329655e-09
-2.0866354e-13
6.4737864e-06
3.4554727e-09
4.8624161e-13
6.4914521e-06
3.4752768e-09
-4.6288774e-13
6.5089822e-06
3.4965163e-09
3.1134638e-13
6.5263726e-06
3.5152367e-09
-3.7187308e-13
6.5436301e-06
3.5344285e-09
-6.8107263e-14
6.5607549e-06
3.5525482e-09
-8.5657661e-14
6.5777482e-06
3.5694782e-09
-3.9101126e-13
6.5946152e-06
3.5869228e-09
1.9005049e-13
6.6113531e-06
3.6020319e-09
-3.6279042e-13
6.6279678e-06
3.6179396e-09
1.3009547e-13
6.6444577e-06
3.6320212e-09
-3.8354387e-14
6.6608244e-06
3.6455981e-09
-2.3280432e-13
6.6770712e-06
3.6590531e-09
2.98751e-13
6.6931937e-06
3.6700364e-09
-6.9976368e-13
6.7091994e-06
3.6825547e-09
3.6069618e-13
6.7250808e-06
3.6914432e-09
-8.7396046e-13
6.740845e-06
3.7022689e-09
2.8165312e-13
6.756485e-06
3.7091424e-09
-9.6297584e-13
6.7720036e-06
3.7175397e-09
-1.5751937e-14
6.7873982e-06
3.7226605e-09
-6.6374087e-13
6.8026645e-06
3.7281974e-09
5.3939065e-14
6.8178031e-06
3.7307689e-09
-2.7283226e-13
6.8328055e-06
3.7331115e-09
6.7292599e-13
6.8476713e-06
3.7335748e-09
5.3420002e-16
6.8623873e-06
3.7254508e-09
1.8668108e-12
6.8769865e-06
3.7546466e-09
3.1642986e-13
6.8911738e-06
3.6118025e-09
3.3887074e-12
6.9087979e-06
4.4381522e-09
-7.7194482e-13
3.0738771e-09
4.565437e-12
6.2693948e-06
-3.0227258e-14
-1.6159052e-14
6.2887524e-06
-2.0288297e-13
-1.3945135e-13
6.3079012e-06
1.2051832e-13
7.8567441e-14
6.3268944e-06
-4.7403946e-13
-3.15829e-13
6.3456991e-06
4.3395608e-13
2.7449658e-13
6.364308e-06
-5.106059e-13
-3.2976983e-13
6.3827333e-06
5.0110503e-13
3.2173789e-13
6.4009732e-06
-1.7941514e-13
-1.1501097e-13
6.4190335e-06
2.4557427e-13
1.6987515e-13
6.4369161e-06
4.3670757e-13
2.7826485e-13
6.4546218e-06
-3.4278747e-13
-1.9743737e-13
6.4721589e-06
7.5178466e-13
4.7040604e-13
6.4895234e-06
-7.446043e-13
-4.467108e-13
6.506726e-06
5.0454664e-13
3.0205538e-13
6.5237629e-06
-5.7958149e-13
-3.6332038e-13
6.540642e-06
-8.2929652e-14
-6.3234688e-14
6.5573641e-06
-9.0390492e-14
-8.9392359e-14
6.5739312e-06
-6.0709116e-13
-3.7332591e-13
6.5903493e-06
3.9262535e-13
1.7756392e-13
6.6066164e-06
-5.8101877e-13
-3.4368448e-13
6.6227394e-06
3.3833937e-13
1.23352e-13
6.6387173e-06
-7.3094546e-14
-2.7424203e-14
6.6545527e-06
-2.1845062e-13
-2.2412466e-13
6.6702496e-06
5.0278489e-13
2.9931271e-13
6.6858044e-06
-9.3099736e-13
-6.7160533e-13
6.7012253e-06
6.6103857e-13
3.6046809e-13
6.7165058e-06
-1.1936426e-12
-8.332417e-13
6.7316537e-06
5.6774506e-13
2.8898243e-13
6.7466627e-06
-1.2560148e-12
-9.0835973e-13
6.7615366e-06
1.0312659e-13
6.7574211e-15
6.7762736e-06
-8.1499187e-13
-5.9016698e-13
6.7908701e-06
1.3327777e-13
9.0762611e-14
6.8053279e-06
-4.2662183e-13
-1.651151e-13
6.819639e-06
8.9271388e-13
7.2253243e-13
6.8338053e-06
-3.999371e-13
1.6292285e-13
6.8478105e-06
2.387759e-12
1.9274165e-12
6.8616999e-06
-5.6091292e-13
5.5117032e-13
6.8751675e-06
4.4503026e-12
3.4723023e-12
6.891874e-06
-3.1022559e-12
-3.9591479e-13
4.9796065e-12
4.6859616e-12
6.2693948e-06
-3.1098193e-09
-1.6072008e-14
6.2887524e-06
-3.240038e-09
-1.3746063e-13
6.3079012e-06
-3.223828e-09
7.6691247e-14
6.3268945e-06
-3.2712791e-09
-3.1083906e-13
6.3456991e-06
-3.2938593e-09
2.6963129e-13
6.3643081e-06
-3.3173644e-09
-3.2534392e-13
6.3827333e-06
-3.3400347e-09
3.1868378e-13
6.4009732e-06
-3.3648992e-09
-1.1648607e-13
6.4190335e-06
-3.3878155e-09
1.7281594e-13
6.4369161e-06
-3.4104595e-09
2.6990984e-13
6.4546218e-06
-3.4336387e-09
-1.8748278e-13
6.4721589e-06
-3.4539763e-09
4.5919099e-13
6.4895234e-06
-3.4767546e-09
-4.3502714e-13
6.506726e-06
-3.4955136e-09
2.9664851e-13
6.5237629e-06
-3.5163967e-09
-3.5864835e-13
6.540642e-06
-3.53459e-09
-5.7593797e-14
6.5573641e-06
-3.552739e-09
-9.4492898e-14
6.5739312e-06
-3.5706741e-09
-3.5905677e-13
6.5903493e-06
-3.5861496e-09
1.6595949e-13
6.6066164e-06
-3.6031697e-09
-3.307852e-13
6.6227394e-06
-3.6172592e-09
1.1616427e-13
6.6387173e-06
-3.6321503e-09
-2.3428263e-14
6.6545527e-06
-3.6460092e-09
-2.190722e-13
6.6702496e-06
-3.6580539e-09
2.9145257e-13
6.6858044e-06
-3.6718433e-09
-6.5227964e-13
6.7012253e-06
-3.6812686e-09
3.4386303e-13
6.7165058e-06
-3.6937525e-09
-8.0620573e-13
6.7316537e-06
-3.7012023e-09
2.6766385e-13
6.7466627e-06
-3.7115503e-09
-8.752637e-13
6.7615365e-06
-3.7174363e-09
-2.4899264e-14
6.7762734e-06
-3.7241559e-09
-5.5267436e-13
6.7908698e-06
-3.7280864e-09
4.4303635e-14
6.8053275e-06
-3.7314554e-09
-1.1733076e-13
6.8196384e-06
-3.7315502e-09
6.5355264e-13
6.8338046e-06
-3.7341824e-09
2.3007994e-13
6.8478095e-06
-3.7209892e-09
1.8260025e-12
6.8616986e-06
-3.7555718e-09
6.3863083e-13
6.8751658e-06
-3.6032893e-09
3.3365593e-12
6.8918717e-06
-4.4439907e-09
-2.3774351e-13
-3.0644179e-09
4.4978746e-12
6.2694356e-06
-6.2586138e-09
-1.638227e-14
6.2888118e-06
-6.5065818e-09
-1.3753088e-13
6.3080201e-06
-6.5366963e-09
7.6349647e-14
6.3270824e-06
-6.6607154e-09
-3.122016e-13
6.3459774e-06
-6.7417287e-09
2.7043807e-13
6.3647003e-06
-6.8177953e-09
-3.2912114e-13
6.3832643e-06
-6.8896706e-09
3.2338258e-13
6.4016689e-06
-6.9609403e-09
-1.2253997e-13
6.4199209e-06
-7.0271741e-09
1.8095e-13
6.4380227e-06
-7.090696e-09
2.6474355e-13
6.4559752e-06
-7.1526316e-09
-1.8111398e-13
6.4737864e-06
-7.2096017e-09
4.5736341e-13
6.4914521e-06
-7.2674665e-09
-4.3323404e-13
6.5089822e-06
-7.3193802e-09
3.0015167e-13
6.5263726e-06
-7.3721266e-09
-3.6304894e-13
6.5436301e-06
-7.4205456e-09
-4.8564496e-14
6.5607549e-06
-7.4676701e-09
-1.0166379e-13
6.5777482e-06
-7.513245e-09
-3.4733627e-13
6.5946153e-06
-7.5550707e-09
1.6167714e-13
6.6113532e-06
-7.5973001e-09
-3.1974176e-13
6.627968e-06
-7.6353482e-09
1.1783852e-13
6.6444578e-06
-7.6730479e-09
-1.7755212e-14
6.6608246e-06
-7.7085952e-09
-2.1279804e-13
6.6770714e-06
-7.7410309e-09
2.9056989e-13
6.693194e-06
-7.7741461e-09
-6.4233954e-13
6.7091997e-06
-7.8014526e-09
3.3014333e-13
6.7250812e-06
-7.8305352e-09
-7.9761453e-13
6.7408454e-06
-7.8531105e-09
2.3849968e-13
6.7564855e-06
-7.8768931e-09
-8.658534e-13
6.7720041e-06
-7.894695e-09
-8.9284062e-14
6.7873988e-06
-7.9108635e-09
-5.4710039e-13
6.8026649e-06
-7.9228282e-09
-6.7853216e-14
6.8178034e-06
-7.9308696e-09
-1.2141088e-13
6.8328055e-06
-7.9340434e-09
4.8394872e-13
6.8476707e-06
-7.9365189e-09
2.0983422e-13
6.8623859e-06
-7.9156226e-09
1.5923707e-12
6.8769841e-06
-7.9708328e-09
5.9270249e-13
6.8911702e-06
-7.6696797e-09
3.0368325e-12
6.9087925e-06
-9.5213064e-09
-2.818013e-13
-6.4110415e-09
4.1030629e-12
6.2787149e-06
-1.8684372e-08
-1.5138865e-14
6.3071261e-06
-1.874711e-08
-1.3854669e-13
6.3352048e-06
-1.8599024e-08
7.505763e-14
6.3628976e-06
-1.8512886e-08
-3.0710281e-13
6.3901861e-06
-1.8380705e-08
2.6189599e-13
6.4170659e-06
-1.8247379e-08
-3.1565069e-13
6.4435524e-06
-1.811696e-08
3.1332224e-13
6.4696482e-06
-1.7991418e-08
-1.1279114e-13
6.4953636e-06
-1.7865682e-08
1.7819663e-13
6.5207045e-06
-1.7741851e-08
2.5838881e-13
6.5456765e-06
-1.7620965e-08
-1.6920802e-13
6.5702921e-06
-1.7499486e-08
4.3678647e-13
6.5945516e-06
-1.7382535e-08
-4.1017891e-13
6.6184696e-06
-1.7263579e-08
2.778337e-13
6.6420463e-06
-1.7148549e-08
-3.4879317e-13
6.6652932e-06
-1.7032631e-08
-5.4622267e-14
6.6882146e-06
-1.6918344e-08
-1.0373564e-13
6.710816e-06
-1.6805322e-08
-3.3240054e-13
6.7331067e-06
-1.6691405e-08
1.4480249e-13
6.7550874e-06
-1.6580101e-08
-2.9926419e-13
6.7767682e-06
-1.6467227e-08
1.1247825e-13
6.7981503e-06
-1.6355697e-08
-1.4847149e-14
6.8192389e-06
-1.6244003e-08
-1.8422941e-13
6.8400395e-06
-1.6130496e-08
2.6223333e-13
6.8605506e-06
-1.6018672e-08
-5.6966872e-13
6.8807809e-06
-1.5901689e-08
2.7977873e-13
6.9007248e-06
-1.5786103e-08
-6.8996104e-13
6.9203897e-06
-1.5663888e-08
1.7688e-13
6.9397691e-06
-1.554119e-08
-7.3111294e-13
6.958865e-06
-1.5410966e-08
-1.3265666e-13
6.9776738e-06
-1.5275662e-08
-3.8073692e-13
6.9961889e-06
-1.5133547e-08
-1.0226704e-13
7.0144085e-06
-1.4981911e-08
8.5388323e-14
7.0323217e-06
-1.4822746e-08
4.282042e-13
7.0499196e-06
-1.4651768e-08
4.7407933e-13
7.0672081e-06
-1.4470061e-08
1.4819418e-12
7.0841115e-06
-1.4285183e-08
9.2616536e-13
7.1007619e-06
-1.4013743e-08
2.8737181e-12
7.1208529e-06
-1.6914964e-08
6.0083241e-14
-1.0493648e-08
4.1688083e-12
6.2476046e-06
-1.3746523e-14
6.2450083e-06
-1.6214848e-13
6.242383e-06
9.1219117e-14
6.2396495e-06
-3.6804195e-13
6.2368409e-06
3.1192701e-13
6.2339568e-06
-3.8261859e-13
6.2310033e-06
3.8018443e-13
6.227977e-06
-1.4229115e-13
6.2248831e-06
2.2332372e-13
6.2217224e-06
3.143941e-13
6.2184941e-06
-1.9950328e-13
6.2152049e-06
5.4334598e-13
6.2118495e-06
-4.9880792e-13
6.2084368e-06
3.595091e-13
6.2049622e-06
-4.3148296e-13
6.2014319e-06
-4.7991767e-14
6.1978458e-06
-1.2367263e-13
6.1942047e-06
-3.9640064e-13
6.1905139e-06
1.9913731e-13
6.1867705e-06
-3.6177466e-13
6.1829808e-06
1.796218e-13
6.1791439e-06
-5.4677574e-15
6.1752621e-06
-1.8064214e-13
6.1713403e-06
3.3861071e-13
6.1673757e-06
-6.5913965e-13
6.1633787e-06
3.3504804e-13
6.1593451e-06
-8.1195664e-13
6.1552864e-06
1.525038e-13
6.1512006e-06
-8.7079083e-13
6.1470975e-06
-3.557731e-13
6.1429825e-06
-4.5740948e-13
6.1388603e-06
-4.7351006e-13
6.1347429e-06
6.227359e-14
6.1306332e-06
2.0109796e-14
6.1265446e-06
4.1126717e-13
6.1224836e-06
1.1342652e-12
6.1184601e-06
7.3464729e-13
6.1144271e-06
2.6942732e-12
6.1096089e-06
-5.4272094e-13
3.2154746e-12
6.2476044e-06
1.868443e-08
-1.6288962e-08
6.2450081e-06
1.8746746e-08
-1.6151481e-08
6.2423829e-06
1.8599221e-08
-1.5973395e-08
6.2396494e-06
1.8512062e-08
-1.5780902e-08
6.2368411e-06
1.8381263e-08
-1.55709e-08
6.233957e-06
1.8246558e-08
-1.5364822e-08
6.2310038e-06
1.8117658e-08
-1.5162008e-08
6.2279774e-06
1.7991141e-08
-1.4965676e-08
6.2248836e-06
1.7866084e-08
-1.4770915e-08
6.2217229e-06
1.7742549e-08
-1.4579828e-08
6.2184944e-06
1.7620563e-08
-1.439351e-08
6.2152053e-06
1.7500655e-08
-1.420804e-08
6.2118494e-06
1.7381574e-08
-1.4029086e-08
6.208437e-06
1.7264277e-08
-1.3849474e-08
6.2049622e-06
1.7147673e-08
-1.3675735e-08
6.2014322e-06
1.7032371e-08
-1.3502585e-08
6.1978464e-06
1.6917986e-08
-1.3332786e-08
6.1942058e-06
1.6804239e-08
-1.3166014e-08
6.1905158e-06
1.6691583e-08
-1.2999859e-08
6.186773e-06
1.6579006e-08
-1.2838353e-08
6.1829844e-06
1.6467229e-08
-1.2676917e-08
6.1791484e-06
1.6355275e-08
-1.251893e-08
6.1752677e-06
1.6243217e-08
-1.2363051e-08
6.1713472e-06
1.6130743e-08
-1.2207482e-08
6.1673839e-06
1.6016803e-08
-1.205687e-08
6.1633885e-06
1.5901872e-08
-1.1903473e-08
6.1593561e-06
1.5783944e-08
-1.1755846e-08
6.1552991e-06
1.5663734e-08
-1.1604793e-08
6.151215e-06
1.5538778e-08
-1.1458781e-08
6.1471138e-06
1.5409788e-08
-1.1309682e-08
6.1430003e-06
1.5274173e-08
-1.1162117e-08
6.1388793e-06
1.5132409e-08
-1.1013834e-08
6.1347621e-06
1.4981788e-08
-1.0863831e-08
6.1306522e-06
1.4823079e-08
-1.0713806e-08
6.1265616e-06
1.4652749e-08
-1.0561545e-08
6.1224983e-06
1.4473258e-08
-1.0405771e-08
6.1184695e-06
1.4287186e-08
-1.0260031e-08
6.1144333e-06
1.4020406e-08
-9.9710402e-09
6.1096099e-06
1.6913121e-08
-1.2102949e-08
1.0500774e-08
-7.6483595e-09
6.2787149e-06
6.2585635e-09
-1.6289195e-08
6.3071261e-06
6.5061902e-09
-1.6171608e-08
6.3352048e-06
6.5369263e-09
-1.6015817e-08
6.3628976e-06
6.6598118e-09
-1.5842876e-08
6.3901862e-06
6.7425357e-09
-1.5647785e-08
6.4170659e-06
6.8168381e-09
-1.5452383e-08
6.4435524e-06
6.8906145e-09
-1.5257097e-08
6.4696482e-06
6.960601e-09
-1.5066152e-08
6.4953636e-06
7.027663e-09
-1.4875545e-08
6.5207045e-06
7.0915044e-09
-1.4687933e-08
6.5456764e-06
7.1520331e-09
-1.450478e-08
6.5702921e-06
7.2109889e-09
-1.4322656e-08
6.5945516e-06
7.2661218e-09
-1.4147227e-08
6.6184696e-06
7.3202989e-09
-1.397182e-08
6.6420463e-06
7.3710457e-09
-1.3802753e-08
6.6652932e-06
7.420391e-09
-1.3635084e-08
6.6882146e-06
7.4674562e-09
-1.3471465e-08
6.7108159e-06
7.5121509e-09
-1.3311586e-08
6.7331066e-06
7.5557246e-09
-1.3153198e-08
6.7550874e-06
7.596266e-09
-1.3000015e-08
6.7767681e-06
7.6359239e-09
-1.2847755e-08
6.7981503e-06
7.6729333e-09
-1.2699492e-08
6.8192388e-06
7.7081956e-09
-1.2553903e-08
6.8400395e-06
7.7419009e-09
-1.2409291e-08
6.8605504e-06
7.7724921e-09
-1.226975e-08
6.8807808e-06
7.802504e-09
-1.2128188e-08
6.9007245e-06
7.8284606e-09
-1.1992143e-08
6.9203894e-06
7.8538934e-09
-1.1853232e-08
6.9397686e-06
7.8747443e-09
-1.1718794e-08
6.9588644e-06
7.8945165e-09
-1.1581439e-08
6.9776727e-06
7.9096655e-09
-1.144495e-08
6.9961875e-06
7.9226424e-09
-1.1307175e-08
7.0144065e-06
7.9306604e-09
-1.1166817e-08
7.0323191e-06
7.9352722e-09
-1.1025252e-08
7.049916e-06
7.9367485e-09
-1.0879916e-08
7.0672036e-06
7.9197005e-09
-1.0729983e-08
7.0841055e-06
7.9712848e-09
-1.0586789e-08
7.1007548e-06
7.6776803e-09
-1.0294328e-08
7.1208427e-06
9.5180395e-09
-1.2703737e-08
6.4202393e-09
-7.7236022e-09
6.2694355e-06
3.1097615e-09
-1.6286808e-08
6.2888117e-06
3.2396319e-09
-1.6110695e-08
6.3080201e-06
3.2240673e-09
-1.5894896e-08
6.3270824e-06
3.2703347e-09
-1.5675126e-08
6.3459775e-06
3.294718e-09
-1.5445263e-08
6.3647004e-06
3.3163516e-09
-1.5224825e-08
6.3832645e-06
3.3410326e-09
-1.5012055e-08
6.401669e-06
3.3645408e-09
-1.4809399e-08
6.4199212e-06
3.3883163e-09
-1.4611406e-08
6.4380229e-06
3.4113209e-09
-1.441964e-08
6.4559753e-06
3.4329738e-09
-1.4234664e-08
6.4737866e-06
3.4554596e-09
-1.4052366e-08
6.4914521e-06
3.4752888e-09
-1.38779e-08
6.5089823e-06
3.4965076e-09
-1.3704163e-08
6.5263726e-06
3.5152415e-09
-1.3537223e-08
6.5436302e-06
3.5344298e-09
-1.3371871e-08
6.5607552e-06
3.5525417e-09
-1.3210653e-08
6.5777487e-06
3.5694871e-09
-1.3053119e-08
6.5946161e-06
3.5869062e-09
-1.2896968e-08
6.6113542e-06
3.6020388e-09
-1.274587e-08
6.6279694e-06
3.6179241e-09
-1.2595524e-08
6.6444596e-06
3.6320169e-09
-1.2448999e-08
6.6608268e-06
3.6455897e-09
-1.2305012e-08
6.6770741e-06
3.6590351e-09
-1.2161843e-08
6.6931971e-06
3.670038e-09
-1.2023707e-08
6.7092034e-06
3.6825275e-09
-1.1883461e-08
6.7250853e-06
3.6914435e-09
-1.1748815e-08
6.7408501e-06
3.7022353e-09
-1.161137e-08
6.7564907e-06
3.7091397e-09
-1.1478631e-08
6.7720099e-06
3.7174995e-09
-1.1343265e-08
6.787405e-06
3.7226475e-09
-1.1209129e-08
6.8026715e-06
3.7281408e-09
-1.1074328e-08
6.81781e-06
3.7307491e-09
-1.0937463e-08
6.8328118e-06
3.7330267e-09
-1.0800323e-08
6.8476764e-06
3.7335523e-09
-1.0660283e-08
6.8623909e-06
3.7253214e-09
-1.0516331e-08
6.8769876e-06
3.7546197e-09
-1.038079e-08
6.8911728e-06
3.6116198e-09
-1.0107137e-08
6.9087938e-06
4.4381749e-09
-1.2552007e-08
3.0735875e-09
-7.4488481e-09
6.2693947e-06
-3.0059331e-14
-1.6285077e-08
6.2887523e-06
-2.0161663e-13
-1.6118714e-08
6.3079011e-06
1.1891828e-13
-1.5924261e-08
6.3268944e-06
-4.7053146e-13
-1.5724797e-08
6.3456992e-06
4.2949538e-13
-1.5508461e-08
6.3643081e-06
-5.0732449e-13
-1.5294489e-08
6.3827335e-06
4.9787625e-13
-1.5082425e-08
6.4009734e-06
-1.8034669e-13
-1.4876018e-08
6.4190338e-06
2.4783617e-13
-1.4670974e-08
6.4369164e-06
4.2979443e-13
-1.4469767e-08
6.454622e-06
-3.3582223e-13
-1.4273622e-08
6.4721591e-06
7.4185892e-13
-1.4079047e-08
6.4895234e-06
-7.363368e-13
-1.3891521e-08
6.506726e-06
4.9769152e-13
-1.3704366e-08
6.5237629e-06
-5.7878533e-13
-1.3523802e-08
6.5406421e-06
-8.2533921e-14
-1.3344856e-08
6.5573643e-06
-9.9006382e-14
-1.3170195e-08
6.5739316e-06
-6.0129647e-13
-1.2999426e-08
6.5903501e-06
3.7642131e-13
-1.2830391e-08
6.6066175e-06
-5.7685755e-13
-1.2666698e-08
6.6227409e-06
3.2518678e-13
-1.250418e-08
6.6387192e-06
-7.8474415e-14
-1.2345831e-08
6.654555e-06
-2.2596275e-13
-1.2190419e-08
6.6702524e-06
4.8427226e-13
-1.2036216e-08
6.6858077e-06
-9.2879048e-13
-1.1887367e-08
6.7012292e-06
6.3169762e-13
-1.1736819e-08
6.7165101e-06
-1.1915818e-12
-1.1592098e-08
6.7316585e-06
5.2911354e-13
-1.1444962e-08
6.746668e-06
-1.2511076e-12
-1.1302659e-08
6.7615423e-06
5.6608035e-14
-1.1158054e-08
6.7762796e-06
-8.095073e-13
-1.1014686e-08
6.7908762e-06
7.3956954e-14
-1.0870916e-08
6.8053336e-06
-4.1041655e-13
-1.0724925e-08
6.8196439e-06
8.1948082e-13
-1.0578902e-08
6.8338088e-06
-3.6271444e-13
-1.0429537e-08
6.8478121e-06
2.2954538e-12
-1.0276739e-08
6.8616986e-06
-4.963432e-13
-1.0131638e-08
6.8751637e-06
4.3460697e-12
-9.8460223e-09
6.8918665e-06
-2.9794014e-12
-1.2271667e-08
4.8496937e-12
-7.198767e-09
6.2693947e-06
-3.1098195e-09
-1.6285077e-08
6.2887523e-06
-3.2400385e-09
-1.6118715e-08
6.3079011e-06
-3.2238282e-09
-1.5924261e-08
6.3268944e-06
-3.2712805e-09
-1.5724801e-08
6.3456992e-06
-3.293859e-09
-1.5508459e-08
6.3643081e-06
-3.3173671e-09
-1.5294493e-08
6.3827335e-06
-3.3400322e-09
-1.5082419e-08
6.4009734e-06
-3.3649036e-09
-1.4876023e-08
6.4190338e-06
-3.3878095e-09
-1.4670965e-08
6.4369164e-06
-3.4104628e-09
-1.4469768e-08
6.454622e-06
-3.4336342e-09
-1.4273616e-08
6.4721591e-06
-3.4539784e-09
-1.4079045e-08
6.4895234e-06
-3.4767537e-09
-1.389152e-08
6.506726e-06
-3.4955134e-09
-1.3704361e-08
6.5237629e-06
-3.5164025e-09
-1.3523808e-08
6.5406421e-06
-3.5345876e-09
-1.3344849e-08
6.5573643e-06
-3.5527496e-09
-1.3170202e-08
6.5739316e-06
-3.5706716e-09
-1.2999419e-08
6.5903501e-06
-3.5861626e-09
-1.2830395e-08
6.6066174e-06
-3.6031691e-09
-1.2666692e-08
6.6227409e-06
-3.6172683e-09
-1.2504176e-08
6.6387192e-06
-3.6321532e-09
-1.2345829e-08
6.654555e-06
-3.6460168e-09
-1.2190408e-08
6.6702523e-06
-3.658063e-09
-1.203622e-08
6.6858076e-06
-3.6718466e-09
-1.1887345e-08
6.7012291e-06
-3.6812857e-09
-1.1736834e-08
6.71651e-06
-3.6937553e-09
-1.1592062e-08
6.7316584e-06
-3.7012279e-09
-1.144498e-08
6.7466679e-06
-3.7115459e-09
-1.130259e-08
6.7615422e-06
-3.7174752e-09
-1.1158083e-08
6.7762794e-06
-3.724136e-09
-1.1014563e-08
6.7908758e-06
-3.7281338e-09
-1.0870933e-08
6.8053332e-06
-3.7314038e-09
-1.0724714e-08
6.8196433e-06
-3.731591e-09
-1.0578868e-08
6.833808e-06
-3.7340859e-09
-1.0429197e-08
6.8478111e-06
-3.7210113e-09
-1.0276615e-08
6.8616974e-06
-3.7554205e-09
-1.0131122e-08
6.875162e-06
-3.6032698e-09
-9.845723e-09
6.8918642e-06
-4.4437918e-09
-1.2270747e-08
-3.0643374e-09
-7.1984914e-09
6.2694355e-06
-6.2586142e-09
-1.6286807e-08
6.2888117e-06
-6.5065778e-09
-1.611069e-08
6.3080201e-06
-6.5366962e-09
-1.5894902e-08
6.3270824e-06
-6.6607097e-09
-1.5675111e-08
6.3459775e-06
-6.7417317e-09
-1.544528e-08
6.3647004e-06
-6.817792e-09
-1.5224807e-08
6.3832645e-06
-6.889675e-09
-1.5012066e-08
6.401669e-06
-6.9609429e-09
-1.4809396e-08
6.4199212e-06
-7.0271755e-09
-1.4611396e-08
6.4380229e-06
-7.0907053e-09
-1.4419661e-08
6.4559753e-06
-7.1526274e-09
-1.4234631e-08
6.4737866e-06
-7.2096123e-09
-1.4052399e-08
6.491452e-06
-7.2674576e-09
-1.3877857e-08
6.5089823e-06
-7.319383e-09
-1.370418e-08
6.5263725e-06
-7.3721208e-09
-1.3537202e-08
6.5436302e-06
-7.4205393e-09
-1.337185e-08
6.5607551e-06
-7.46767e-09
-1.3210656e-08
6.5777486e-06
-7.5132355e-09
-1.3053064e-08
6.594616e-06
-7.5550765e-09
-1.2896982e-08
6.6113541e-06
-7.5972994e-09
-1.274581e-08
6.6279694e-06
-7.6353487e-09
-1.2595505e-08
6.6444596e-06
-7.6730654e-09
-1.2448968e-08
6.6608268e-06
-7.7085844e-09
-1.2304937e-08
6.6770741e-06
-7.7410665e-09
-1.2161854e-08
6.6931972e-06
-7.774113e-09
-1.2023562e-08
6.7092034e-06
-7.8014991e-09
-1.1883512e-08
6.7250854e-06
-7.8304875e-09
-1.1748627e-08
6.7408501e-06
-7.8531593e-09
-1.161145e-08
6.7564908e-06
-7.8768132e-09
-1.1478396e-08
6.7720098e-06
-7.8947336e-09
-1.1343384e-08
6.7874049e-06
-7.9107567e-09
-1.1208858e-08
6.8026712e-06
-7.9228436e-09
-1.1074507e-08
6.8178095e-06
-7.9307001e-09
-1.0937133e-08
6.832811e-06
-7.9340037e-09
-1.0800587e-08
6.8476751e-06
-7.9362272e-09
-1.0659846e-08
6.8623888e-06
-7.9154919e-09
-1.0516703e-08
6.8769845e-06
-7.9703556e-09
-1.0380205e-08
6.8911684e-06
-7.6693935e-09
-1.0107503e-08
6.9087876e-06
-9.5206022e-09
-1.2550657e-08
-6.4104166e-09
-7.4498128e-09
6.2787148e-06
-1.8684371e-08
-1.6289194e-08
6.307126e-06
-1.8747128e-08
-1.6171606e-08
6.3352047e-06
-1.8599012e-08
-1.6015824e-08
6.3628976e-06
-1.851293e-08
-1.5842864e-08
6.3901862e-06
-1.8380671e-08
-1.5647804e-08
6.417066e-06
-1.8247424e-08
-1.5452364e-08
6.4435526e-06
-1.8116916e-08
-1.5257106e-08
6.4696484e-06
-1.7991437e-08
-1.5066148e-08
6.4953638e-06
-1.7865653e-08
-1.4875524e-08
6.5207047e-06
-1.7741817e-08
-1.4687955e-08
6.5456766e-06
-1.7620982e-08
-1.4504733e-08
6.5702923e-06
-1.7499425e-08
-1.4322694e-08
6.5945515e-06
-1.7382586e-08
-1.4147172e-08
6.6184697e-06
-1.7263537e-08
-1.3971844e-08
6.6420463e-06
-1.7148599e-08
-1.3802734e-08
6.6652933e-06
-1.7032631e-08
-1.3635064e-08
6.6882148e-06
-1.6918362e-08
-1.3471484e-08
6.7108163e-06
-1.6805362e-08
-1.3311525e-08
6.7331074e-06
-1.6691388e-08
-1.3153237e-08
6.7550884e-06
-1.6580141e-08
-1.2999947e-08
6.7767696e-06
-1.6467201e-08
-1.2847752e-08
6.798152e-06
-1.6355704e-08
-1.2699463e-08
6.819241e-06
-1.6244001e-08
-1.2553827e-08
6.8400421e-06
-1.6130469e-08
-1.2409323e-08
6.8605536e-06
-1.601869e-08
-1.2269578e-08
6.8807845e-06
-1.5901655e-08
-1.2128271e-08
6.9007287e-06
-1.5786086e-08
-1.199189e-08
6.920394e-06
-1.5663839e-08
-1.185333e-08
6.9397738e-06
-1.5541077e-08
-1.1718435e-08
6.9588699e-06
-1.5410892e-08
-1.1581528e-08
6.9776787e-06
-1.5275342e-08
-1.1444438e-08
6.9961935e-06
-1.5133336e-08
-1.130723e-08
7.0144122e-06
-1.4981279e-08
-1.1166054e-08
7.032324e-06
-1.4822229e-08
-1.1025237e-08
7.0499197e-06
-1.4650727e-08
-1.0878769e-08
7.0672054e-06
-1.4469052e-08
-1.0729856e-08
7.0841048e-06
-1.4283589e-08
-1.0585115e-08
7.1007514e-06
-1.4012093e-08
-1.0293945e-08
7.1208364e-06
-1.6912684e-08
-1.27007e-08
-1.0490928e-08
-7.7233557e-09
6.2476045e-06
-1.6288959e-08
6.2450082e-06
-1.6151484e-08
6.242383e-06
-1.5973399e-08
6.2396495e-06
-1.5780904e-08
6.236841e-06
-1.557091e-08
6.2339569e-06
-1.5364819e-08
6.2310035e-06
-1.5162004e-08
6.2279772e-06
-1.4965682e-08
6.2248833e-06
-1.4770881e-08
6.2217226e-06
-1.4579841e-08
6.2184943e-06
-1.4393461e-08
6.215205e-06
-1.420806e-08
6.2118495e-06
-1.4029034e-08
6.2084368e-06
-1.3849476e-08
6.2049622e-06
-1.3675718e-08
6.201432e-06
-1.3502544e-08
6.197846e-06
-1.333279e-08
6.1942051e-06
-1.3165932e-08
6.1905145e-06
-1.2999863e-08
6.1867714e-06
-1.2838255e-08
6.1829822e-06
-1.2676856e-08
6.1791455e-06
-1.2518857e-08
6.1752642e-06
-1.2362908e-08
6.1713429e-06
-1.2207471e-08
6.1673789e-06
-1.2056635e-08
6.1633824e-06
-1.1903553e-08
6.1593495e-06
-1.1755569e-08
6.1552915e-06
-1.1604988e-08
6.1512067e-06
-1.1458495e-08
6.1471046e-06
-1.131009e-08
6.1429907e-06
-1.1161881e-08
6.1388697e-06
-1.1014553e-08
6.1347534e-06
-1.086368e-08
6.1306448e-06
-1.0714956e-08
6.1265573e-06
-1.0561527e-08
6.1224974e-06
-1.040753e-08
6.1184749e-06
-1.0260234e-08
6.1144434e-06
-9.9733234e-09
6.1096289e-06
-1.2103831e-08
-7.6521355e-09
6.2150335e-06
1.8677501e-08
6.1801699e-06
1.8711731e-08
6.1456566e-06
1.8540112e-08
6.1114409e-06
1.843385e-08
6.0775896e-06
1.8281244e-08
6.0441027e-06
1.8121154e-08
6.0109778e-06
1.7963867e-08
5.9782054e-06
1.7806384e-08
5.9457867e-06
1.764825e-08
5.9137178e-06
1.7489911e-08
5.881992e-06
1.7331751e-08
5.8506107e-06
1.7174582e-08
5.819563e-06
1.7017303e-08
5.7888534e-06
1.6861108e-08
5.7584715e-06
1.6704974e-08
5.7284192e-06
1.6549693e-08
5.6986912e-06
1.6394923e-08
5.6692838e-06
1.6240488e-08
5.6401977e-06
1.6086905e-08
5.6114254e-06
1.5933193e-08
5.5829691e-06
1.5780136e-08
5.5548236e-06
1.562678e-08
5.5269872e-06
1.5473204e-08
5.4994617e-06
1.5319172e-08
5.4722401e-06
1.5163544e-08
5.4453309e-06
1.5006961e-08
5.4187263e-06
1.4847242e-08
5.3924369e-06
1.4685316e-08
5.3664583e-06
1.4518503e-08
5.3408003e-06
1.4347789e-08
5.3154676e-06
1.4170365e-08
5.2904656e-06
1.3986979e-08
5.2658077e-06
1.3794738e-08
5.2414985e-06
1.3594743e-08
5.2175543e-06
1.3383183e-08
5.1939865e-06
1.3163086e-08
5.1707884e-06
1.2937474e-08
5.1481809e-06
1.2641025e-08
5.1205874e-06
1.5485222e-08
8.9673401e-09
6.2461249e-06
6.2633114e-09
6.2422048e-06
6.4598093e-09
6.238282e-06
6.4473398e-09
6.2343303e-06
6.5418483e-09
6.2303626e-06
6.6019181e-09
6.2263735e-06
6.656927e-09
6.2223673e-06
6.7139537e-09
6.218338e-06
6.7691265e-09
6.2142884e-06
6.8228664e-09
6.2102167e-06
6.8744678e-09
6.2061196e-06
6.92354e-09
6.2020013e-06
6.9715797e-09
6.197854e-06
7.0160791e-09
6.1936844e-06
7.0598167e-09
6.1894854e-06
7.1000942e-09
6.185261e-06
7.1389339e-09
6.1810089e-06
7.1753074e-09
6.1767278e-06
7.2090981e-09
6.1724207e-06
7.2415187e-09
6.1680825e-06
7.2705689e-09
6.1637172e-06
7.2984376e-09
6.1593214e-06
7.3232788e-09
6.1548946e-06
7.3459789e-09
6.1504388e-06
7.3667783e-09
6.1459475e-06
7.3839388e-09
6.1414272e-06
7.4002379e-09
6.136869e-06
7.4118491e-09
6.1322792e-06
7.4226605e-09
6.1276494e-06
7.4281808e-09
6.1229829e-06
7.4323144e-09
6.1182771e-06
7.4311173e-09
6.1135284e-06
7.4273429e-09
6.1087391e-06
7.417902e-09
6.1039033e-06
7.4045681e-09
6.0990196e-06
7.3875577e-09
6.094103e-06
7.3505382e-09
6.089067e-06
7.3862097e-09
6.0843605e-06
7.0574021e-09
6.0780172e-06
9.119906e-09
5.4702854e-09
6.236866e-06
3.1104719e-09
6.2239957e-06
3.219035e-09
6.2113544e-06
3.1939081e-09
6.1989827e-06
3.2375572e-09
6.186882e-06
3.2581736e-09
6.1750393e-06
3.2738572e-09
6.1634513e-06
3.2908047e-09
6.1521055e-06
3.3052016e-09
6.1409987e-06
3.318862e-09
6.1301233e-06
3.3309636e-09
6.1194705e-06
3.3411287e-09
6.1090393e-06
3.3517195e-09
6.0988169e-06
3.3592794e-09
6.0888054e-06
3.3680656e-09
6.0789931e-06
3.3741246e-09
6.0693795e-06
3.3805904e-09
6.059958e-06
3.385867e-09
6.0507232e-06
3.3899386e-09
6.0416739e-06
3.394495e-09
6.0328011e-06
3.3966974e-09
6.0241051e-06
3.3997187e-09
6.0155786e-06
3.4009129e-09
6.0072179e-06
3.4015849e-09
5.9990218e-06
3.4022098e-09
5.9909806e-06
3.4002435e-09
5.9830986e-06
3.3999768e-09
5.9753643e-06
3.3958693e-09
5.9677824e-06
3.3938889e-09
5.960343e-06
3.3876904e-09
5.9530483e-06
3.3831619e-09
5.945895e-06
3.3751429e-09
5.9388793e-06
3.3675398e-09
5.9320037e-06
3.3568076e-09
5.9252614e-06
3.3457066e-09
5.9186565e-06
3.3328001e-09
5.9121819e-06
3.3096597e-09
5.9058561e-06
3.330824e-09
5.8996594e-06
3.1511093e-09
5.8921086e-06
4.1139036e-09
2.4581403e-09
6.2368254e-06
-2.9344769e-14
6.2239255e-06
-2.0445736e-13
6.2111952e-06
1.1799027e-13
6.1987076e-06
-4.7967184e-13
6.1864577e-06
4.3531014e-13
6.1744366e-06
-5.1928126e-13
6.1626454e-06
5.1513987e-13
6.1510745e-06
-1.8614263e-13
6.1397226e-06
2.6640912e-13
6.1285842e-06
4.5063734e-13
6.1176515e-06
-3.3997914e-13
6.1069247e-06
7.8350699e-13
6.0963919e-06
-7.6873817e-13
6.086056e-06
5.3366247e-13
6.0759058e-06
-6.1583733e-13
6.0659416e-06
-7.7093045e-14
6.0561571e-06
-1.0994397e-13
6.0465474e-06
-6.2759166e-13
6.0371117e-06
4.0597045e-13
6.0278416e-06
-5.9875217e-13
6.0187375e-06
3.6591878e-13
6.0097928e-06
-4.751751e-14
6.0010041e-06
-2.189889e-13
5.9923707e-06
5.7623637e-13
5.9838834e-06
-9.8230836e-13
5.975547e-06
7.5051374e-13
5.9673506e-06
-1.2592423e-12
5.9592995e-06
6.4810719e-13
5.9513847e-06
-1.3171498e-12
5.943609e-06
1.264269e-13
5.9359702e-06
-7.8209578e-13
5.9284653e-06
1.553781e-13
5.9210983e-06
-2.8475643e-13
5.9138632e-06
1.0253171e-12
5.9067675e-06
-1.8050558e-13
5.8997983e-06
2.7519724e-12
5.8929976e-06
-2.9227951e-13
5.8863014e-06
5.1692492e-12
5.8781421e-06
-2.9518499e-12
5.7578358e-12
6.2368254e-06
-3.1105291e-09
6.2239255e-06
-3.2194365e-09
6.2111952e-06
-3.1936753e-09
6.1987076e-06
-3.2384989e-09
6.1864576e-06
-3.2573188e-09
6.1744366e-06
-3.2748754e-09
6.1626454e-06
-3.2897917e-09
6.1510745e-06
-3.3055688e-09
6.1397226e-06
-3.3183335e-09
6.1285841e-06
-3.3300834e-09
6.1176515e-06
-3.3417896e-09
6.1069247e-06
-3.3501879e-09
6.096392e-06
-3.3607828e-09
6.086056e-06
-3.3670205e-09
6.0759059e-06
-3.3753341e-09
6.0659416e-06
-3.3807358e-09
6.0561571e-06
-3.3860878e-09
6.0465474e-06
-3.3911578e-09
6.0371118e-06
-3.3937035e-09
6.0278416e-06
-3.3978618e-09
6.0187375e-06
-3.3989946e-09
6.0097928e-06
-3.4010082e-09
6.0010042e-06
-3.4019929e-09
5.9923707e-06
-3.4011028e-09
5.9838834e-06
-3.4021252e-09
5.975547e-06
-3.3985536e-09
5.9673506e-06
-3.3982757e-09
5.9592996e-06
-3.3926948e-09
5.9513848e-06
-3.3901829e-09
5.9436091e-06
-3.3830237e-09
5.9359704e-06
-3.3765668e-09
5.9284656e-06
-3.3673892e-09
5.9210988e-06
-3.3572334e-09
5.9138639e-06
-3.343903e-09
5.9067684e-06
-3.3329956e-09
5.8997996e-06
-3.3045366e-09
5.8929994e-06
-3.3312243e-09
5.8863038e-06
-3.1412753e-09
5.8781455e-06
-4.1194566e-09
-2.4472647e-09
6.236866e-06
-6.263361e-09
6.2239957e-06
-6.4602002e-09
6.2113544e-06
-6.4471124e-09
6.1989827e-06
-6.5427584e-09
6.186882e-06
-6.6011069e-09
6.1750393e-06
-6.6578978e-09
6.1634513e-06
-6.7129884e-09
6.1521055e-06
-6.7694758e-09
6.1409987e-06
-6.8223498e-09
6.1301233e-06
-6.8736343e-09
6.1194705e-06
-6.9241412e-09
6.1090393e-06
-6.9701353e-09
6.098817e-06
-7.017468e-09
6.0888055e-06
-7.0588448e-09
6.0789931e-06
-7.1012314e-09
6.0693795e-06
-7.1390785e-09
6.0599581e-06
-7.1755419e-09
6.0507233e-06
-7.2102332e-09
6.041674e-06
-7.2408256e-09
6.0328013e-06
-7.2716453e-09
6.0241053e-06
-7.2977995e-09
6.0155789e-06
-7.3233684e-09
6.0072183e-06
-7.3463586e-09
5.9990221e-06
-7.3658042e-09
5.9909811e-06
-7.3856515e-09
5.9830991e-06
-7.399062e-09
5.975365e-06
-7.4139898e-09
5.9677832e-06
-7.4217701e-09
5.9603439e-06
-7.4303746e-09
5.9530493e-06
-7.4324884e-09
5.9458961e-06
-7.4321906e-09
5.9388804e-06
-7.4275147e-09
5.9320048e-06
-7.4177721e-09
5.9252624e-06
-7.4031128e-09
5.9186573e-06
-7.3868068e-09
5.9121823e-06
-7.3458028e-09
5.905856e-06
-7.3850861e-09
5.8996587e-06
-7.0480949e-09
5.8921077e-06
-9.1228843e-09
-5.459764e-09
6.2461248e-06
-1.8677439e-08
6.2422048e-06
-1.8712121e-08
6.2382819e-06
-1.8539902e-08
6.2343302e-06
-1.843474e-08
6.2303627e-06
-1.8280641e-08
6.2263736e-06
-1.8122046e-08
6.2223675e-06
-1.7963098e-08
6.2183383e-06
-1.7806689e-08
6.2142887e-06
-1.764779e-08
6.2102169e-06
-1.7489136e-08
6.2061198e-06
-1.7332179e-08
6.2020015e-06
-1.7173272e-08
6.197854e-06
-1.7018366e-08
6.1936845e-06
-1.686031e-08
6.1894854e-06
-1.670596e-08
6.1852612e-06
-1.6549958e-08
6.1810092e-06
-1.6395323e-08
6.1767283e-06
-1.6241677e-08
6.1724216e-06
-1.6086677e-08
6.1680837e-06
-1.593438e-08
6.1637189e-06
-1.5780065e-08
6.1593234e-06
-1.5627172e-08
6.1548972e-06
-1.5473998e-08
6.1504418e-06
-1.531877e-08
6.1459512e-06
-1.5165559e-08
6.1414315e-06
-1.5006622e-08
6.1368739e-06
-1.4849551e-08
6.1322847e-06
-1.468537e-08
6.1276559e-06
-1.4521068e-08
6.1229903e-06
-1.4349074e-08
6.1182854e-06
-1.417175e-08
6.1135376e-06
-1.3988246e-08
6.1087491e-06
-1.3794397e-08
6.103914e-06
-1.3594263e-08
6.0990308e-06
-1.3381437e-08
6.0941147e-06
-1.3159164e-08
6.089079e-06
-1.2934424e-08
6.0843733e-06
-1.2632809e-08
6.0780335e-06
-1.5487663e-08
-8.9578724e-09
6.2150336e-06
6.18017e-06
6.1456567e-06
6.111441e-06
6.0775895e-06
6.0441026e-06
6.0109775e-06
5.9782051e-06
5.9457865e-06
5.9137175e-06
5.8819918e-06
5.8506105e-06
5.8195631e-06
5.7888533e-06
5.7584716e-06
5.7284191e-06
5.698691e-06
5.6692834e-06
5.6401969e-06
5.6114242e-06
5.5829673e-06
5.5548213e-06
5.5269844e-06
5.4994581e-06
5.472236e-06
5.4453258e-06
5.4187207e-06
5.3924303e-06
5.3664507e-06
5.3407916e-06
5.3154579e-06
5.2904551e-06
5.265797e-06
5.2414878e-06
5.2175449e-06
5.1939782e-06
5.1707835e-06
5.1481774e-06
5.1205859e-06
)
;

boundaryField
{
    inlet
    {
        type            calculated;
        value           nonuniform List<scalar> 
32
(
-6.25e-06
-6.25e-06
-6.25e-06
-6.25e-06
-6.25e-06
-6.25e-06
-6.25e-06
-6.25e-06
-6.25e-06
-6.25e-06
-6.25e-06
-6.25e-06
-6.25e-06
-6.25e-06
-6.25e-06
-6.25e-06
-6.25e-06
-6.25e-06
-6.25e-06
-6.25e-06
-6.25e-06
-6.25e-06
-6.25e-06
-6.25e-06
-6.25e-06
-6.25e-06
-6.25e-06
-6.25e-06
-6.25e-06
-6.25e-06
-6.25e-06
-6.25e-06
)
;
    }
    outlet
    {
        type            calculated;
        value           nonuniform List<scalar> 
32
(
5.1040039e-06
6.0737474e-06
5.8876531e-06
5.8733698e-06
5.8733741e-06
5.8876501e-06
6.0737649e-06
5.1040014e-06
6.1067481e-06
7.1326818e-06
6.919609e-06
6.9021572e-06
6.9021542e-06
6.9196013e-06
7.1326719e-06
6.1067752e-06
6.1067712e-06
7.13266e-06
6.9196018e-06
6.9021462e-06
6.9021434e-06
6.9195936e-06
7.1326504e-06
6.1067972e-06
5.1039759e-06
6.0737945e-06
5.8876756e-06
5.8733992e-06
5.8734031e-06
5.8876733e-06
6.0738112e-06
5.1039759e-06
)
;
    }
    walls
    {
        type            calculated;
        value           uniform 0;
    }
}


// ************************************************************************* //
