/*--------------------------------*- C++ -*----------------------------------*\
  =========                 |
  \\      /  F ield         | OpenFOAM: The Open Source CFD Toolbox
   \\    /   O peration     | Website:  https://openfoam.org
    \\  /    A nd           | Version:  14
     \\/     M anipulation  |
\*---------------------------------------------------------------------------*/
FoamFile
{
    format      ascii;
    class       volVectorField;
    location    "50";
    object      U;
}
// * * * * * * * * * * * * * * * * * * * * * * * * * * * * * * * * * * * * * //

dimensions      [0 1 -1 0 0 0 0];

internalField   nonuniform List<vector> 
1280
(
(7.1193286 0.00064761054 0.00048934873)
(7.0808574 0.0011032678 0.00091360805)
(7.0436375 0.0012815519 0.0010325825)
(7.0045859 0.0013777115 0.0010432328)
(6.9651092 0.001437074 0.0010267998)
(6.9264218 0.0014758847 0.0010072385)
(6.8884618 0.001500922 0.00098915193)
(6.8508888 0.0015153607 0.00097236606)
(6.8136304 0.001521411 0.00095628963)
(6.7767581 0.0015208923 0.00094060781)
(6.7403007 0.0015153043 0.00092521524)
(6.7042461 0.0015058723 0.00091011424)
(6.6685754 0.0014934811 0.00089525127)
(6.6332857 0.0014788978 0.0008806606)
(6.5983766 0.0014626401 0.00086629529)
(6.5638435 0.0014451697 0.00085217539)
(6.5296853 0.0014268088 0.0008382838)
(6.4958943 0.0014078043 0.00082460648)
(6.4624712 0.0013883759 0.00081115928)
(6.4294102 0.0013686316 0.00079790325)
(6.3967097 0.001348715 0.00078486266)
(6.3643671 0.0013286693 0.00077200809)
(6.3323786 0.0013085535 0.00075933536)
(6.3007446 0.0012883962 0.0007468499)
(6.2694616 0.0012681684 0.00073450286)
(6.2385311 0.0012479019 0.00072233942)
(6.2079528 0.0012275015 0.00071027418)
(6.1777283 0.0012069839 0.00069836474)
(6.1478625 0.0011862152 0.00068651282)
(6.1183562 0.0011651961 0.00067478191)
(6.0892195 0.0011437771 0.00066306693)
(6.0604567 0.0011219381 0.00065142008)
(6.0320792 0.0010995146 0.00063974418)
(6.0040984 0.0010765236 0.00062808842)
(5.9765176 0.0010526741 0.00061636676)
(5.9493848 0.0010282079 0.00060436767)
(5.9226046 0.0010040754 0.00059458651)
(5.8965182 0.00096248967 0.0005654462)
(5.8706938 0.0011033304 0.00066673432)
(5.8333701 0.00080390902 0.00049891551)
(7.1371612 0.0009169064 0.00049032386)
(7.1341798 0.0012485039 0.00091795246)
(7.1320927 0.0012467408 0.0010402059)
(7.1278329 0.0012138051 0.0010536247)
(7.1227394 0.0011800732 0.0010394192)
(7.1179881 0.0011518249 0.0010216519)
(7.11352 0.0011301385 0.0010050367)
(7.1090077 0.0011135267 0.0009895004)
(7.1043844 0.0011006406 0.00097451934)
(7.0997213 0.001090483 0.00095983173)
(7.0950496 0.0010823654 0.00094536912)
(7.0903605 0.0010758792 0.00093115744)
(7.0856395 0.0010704944 0.00091717088)
(7.0808865 0.0010660663 0.00090345119)
(7.0761039 0.0010622148 0.00088997072)
(7.0712907 0.0010588679 0.00087675017)
(7.0664479 0.0010558339 0.00086378107)
(7.061572 0.0010529893 0.0008510515)
(7.0566652 0.0010503215 0.00083857525)
(7.0517254 0.001047644 0.00082631882)
(7.0467529 0.0010450269 0.00081429825)
(7.0417472 0.0010423171 0.00080248784)
(7.0367064 0.0010395258 0.00079087695)
(7.0316317 0.0010366246 0.00077946667)
(7.02652 0.0010334861 0.00076820769)
(7.0213718 0.0010302227 0.00075713078)
(7.016185 0.0010265948 0.00074615359)
(7.0109585 0.0010227684 0.00073531442)
(7.0056917 0.0010184665 0.00072451552)
(7.0003804 0.0010138557 0.00071379974)
(6.9950254 0.0010086827 0.00070305419)
(6.9896228 0.0010030551 0.00069231491)
(6.9841714 0.00099675686 0.00068146648)
(6.9786704 0.00098986293 0.00067054512)
(6.9731107 0.00098227266 0.00065944037)
(6.9675092 0.00097330236 0.00064791762)
(6.9618224 0.00096771794 0.0006386443)
(6.9561145 0.00093528149 0.00060792837)
(6.9508233 0.0011414462 0.00072321016)
(6.9415823 0.00077092891 0.00053671374)
(7.131842 0.00038277125 0.00048955193)
(7.1183933 0.00024546139 0.00091411066)
(7.1062117 0.00010614276 0.0010324962)
(7.0921696 5.2783813e-05 0.0010422757)
(7.0776146 2.8107062e-05 0.001025131)
(7.0637282 1.2560793e-05 0.0010051843)
(7.0504427 2.3384495e-06 0.00098703838)
(7.0374197 -4.0371875e-06 0.00097048412)
(7.0245843 -7.228547e-06 0.00095487447)
(7.0120021 -7.9436494e-06 0.00093985158)
(6.999698 -6.7869534e-06 0.00092527153)
(6.987657 -4.0766049e-06 0.00091109969)
(6.9758585 -4.2842916e-07 0.00089726711)
(6.9642971 4.1506417e-06 0.00088377751)
(6.95297 9.1698449e-06 0.00087057985)
(6.9418708 1.4662091e-05 0.00085767266)
(6.9309958 2.0391481e-05 0.00084503455)
(6.9203364 2.6247164e-05 0.00083264297)
(6.9098903 3.2273163e-05 0.0008205037)
(6.8996506 3.8209745e-05 0.00080858036)
(6.8896133 4.42363e-05 0.00079688392)
(6.8797736 5.0133282e-05 0.00078538977)
(6.8701255 5.597523e-05 0.00077408556)
(6.8606664 6.1768745e-05 0.00076297444)
(6.8513897 6.7344705e-05 0.00075200906)
(6.8422929 7.2978959e-05 0.00074122279)
(6.833371 7.8308309e-05 0.00073053772)
(6.8246206 8.3728911e-05 0.00071999663)
(6.8160394 8.8829149e-05 0.00070950705)
(6.8076215 9.4009309e-05 0.00069911977)
(6.799367 9.8932305e-05 0.00068872577)
(6.7912714 0.00010387532 0.00067837358)
(6.7833335 0.00010860849 0.00066795049)
(6.7755529 0.00011330179 0.00065750549)
(6.7679184 0.00011803292 0.0006469409)
(6.7604621 0.00012152962 0.00063600406)
(6.7530729 0.00013010738 0.00062739196)
(6.7461302 0.00011894834 0.00059767198)
(6.7386551 0.00023499112 0.00071552558)
(6.7288891 4.1677729e-05 0.00052483481)
(7.1318304 0.0001131542 0.00048938355)
(7.1183355 0.00010260865 0.00091445141)
(7.1060875 0.00014800729 0.0010341221)
(7.0919334 0.00022922527 0.001045414)
(7.0772242 0.00030372126 0.001029534)
(7.0631488 0.00036156477 0.0010104084)
(7.0496443 0.0004046884 0.0009926337)
(7.0363759 0.00043609255 0.00097607376)
(7.0232714 0.00045874258 0.00096016584)
(7.0103984 0.00047465083 0.00094462708)
(6.9977837 0.00048533055 0.00092937422)
(6.9854135 0.00049217447 0.00091441824)
(6.9732686 0.00049577819 0.00089972826)
(6.9613442 0.00049723237 0.00088533379)
(6.9496385 0.00049672382 0.0008712069)
(6.9381457 0.00049495769 0.0008573608)
(6.9268628 0.00049211675 0.00084378656)
(6.9157815 0.00048845016 0.00083047063)
(6.9049004 0.00048430798 0.0008174239)
(6.8942126 0.00047957903 0.00080461599)
(6.8837149 0.00047466856 0.00079205884)
(6.873403 0.00046942018 0.00077973104)
(6.8632711 0.00046402155 0.00076762007)
(6.8533174 0.00045855964 0.00075572921)
(6.8435357 0.00045284477 0.00074401129)
(6.8339241 0.0004472842 0.00073249695)
(6.8244783 0.00044140137 0.00072110864)
(6.8151953 0.00043573493 0.00070988504)
(6.806074 0.00042973018 0.00069873334)
(6.7971091 0.00042390204 0.00068769956)
(6.7883019 0.00041780462 0.00067667299)
(6.7796487 0.00041175968 0.00066569764)
(6.7711497 0.00040546541 0.00065465789)
(6.7628062 0.0003991688 0.00064359906)
(6.7546071 0.00039259619 0.00063241607)
(6.7465922 0.00038565811 0.00062086342)
(6.7386298 0.00038025651 0.00061163311)
(6.731174 0.00036728316 0.00058122155)
(6.7230624 0.00039558638 0.00069780627)
(6.7125571 0.00032414149 0.00050799531)
(7.1318304 -0.00011315864 0.00048938355)
(7.1183355 -0.00010263946 0.00091445145)
(7.1060875 -0.00014798916 0.001034122)
(7.0919334 -0.00022929816 0.0010454142)
(7.0772242 -0.00030365507 0.0010295339)
(7.0631488 -0.00036164405 0.0010104086)
(7.0496443 -0.00040461106 0.00099263359)
(7.0363759 -0.00043612083 0.00097607379)
(7.0232714 -0.00045870435 0.00096016592)
(7.0103984 -0.00047458216 0.00094462687)
(6.9977837 -0.00048538423 0.00092937458)
(6.9854135 -0.00049205485 0.00091441793)
(6.9732686 -0.00049589653 0.00089972873)
(6.9613442 -0.00049715131 0.00088533362)
(6.9496385 -0.00049681709 0.00087120718)
(6.9381458 -0.00049497115 0.00085736103)
(6.9268628 -0.00049213249 0.00084378655)
(6.9157815 -0.00048855034 0.00083047128)
(6.9049003 -0.0004842461 0.0008174237)
(6.8942126 -0.00047967721 0.00080461676)
(6.8837149 -0.00047461585 0.00079205874)
(6.8734029 -0.00046943627 0.00077973161)
(6.8632711 -0.00046406063 0.00076762039)
(6.8533173 -0.00045848138 0.00075572942)
(6.8435357 -0.00045300303 0.00074401183)
(6.833924 -0.00044717862 0.00073249657)
(6.8244782 -0.00044160282 0.00072110887)
(6.8151953 -0.0004356449 0.00070988373)
(6.8060739 -0.00042994136 0.00069873216)
(6.7971091 -0.00042388773 0.00068769611)
(6.788302 -0.00041793658 0.00067666931)
(6.7796489 -0.00041174021 0.0006656905)
(6.7711501 -0.00040552766 0.00065464991)
(6.7628069 -0.00039901335 0.00064358546)
(6.754608 -0.00039264219 0.00063240129)
(6.7465936 -0.0003852291 0.00062084013)
(6.7386316 -0.0003803146 0.00061160802)
(6.7311766 -0.00036647595 0.00058118666)
(6.7230655 -0.00039605368 0.00069776299)
(6.7125621 -0.00032322698 0.00050794027)
(7.1318419 -0.00038277554 0.00048955192)
(7.1183933 -0.00024549116 0.00091411068)
(7.1062117 -0.00010612403 0.0010324962)
(7.0921696 -5.2854783e-05 0.0010422758)
(7.0776146 -2.8041794e-05 0.001025131)
(7.0637282 -1.263858e-05 0.0010051843)
(7.0504427 -2.2622185e-06 0.00098703852)
(7.0374197 4.0086434e-06 0.00097048393)
(7.0245843 7.2675353e-06 0.00095487482)
(7.0120022 8.0102517e-06 0.00093985127)
(6.999698 6.7362224e-06 0.00092527201)
(6.987657 4.1938124e-06 0.00091109955)
(6.9758585 3.1524846e-07 0.00089726759)
(6.9642971 -4.0693975e-06 0.00088377776)
(6.95297 -9.2589906e-06 0.00087058014)
(6.9418708 -1.4671452e-05 0.00085767354)
(6.9309958 -2.0405171e-05 0.00084503485)
(6.9203363 -2.6338565e-05 0.00083264444)
(6.9098903 -3.2209051e-05 0.00082050434)
(6.8996506 -3.8297137e-05 0.00080858227)
(6.8896133 -4.4177223e-05 0.00079688524)
(6.8797736 -5.013829e-05 0.00078539174)
(6.8701255 -5.5997972e-05 0.00077408781)
(6.8606664 -6.1680158e-05 0.00076297689)
(6.8513898 -6.7478734e-05 0.00075201254)
(6.842293 -7.2865249e-05 0.00074122549)
(6.8333711 -7.8476196e-05 0.00073054219)
(6.8246207 -8.3632108e-05 0.00072000011)
(6.8160396 -8.900796e-05 0.00070951278)
(6.8076217 -9.3994142e-05 0.00069912274)
(6.7993673 -9.9021931e-05 0.00068873218)
(6.7912716 -0.00010385324 0.0006783754)
(6.7833336 -0.00010862127 0.00066795662)
(6.7755528 -0.0001131611 0.00065750382)
(6.7679182 -0.00011803655 0.00064694434)
(6.7604614 -0.00012114918 0.00063599587)
(6.753072 -0.0001301366 0.00062738925)
(6.7461281 -0.00011824235 0.00059765712)
(6.7386534 -0.0002354298 0.00071550395)
(6.7288859 -4.0857195e-05 0.00052479984)
(7.1371611 -0.00091690682 0.00049032387)
(7.1341796 -0.00124853 0.00091795268)
(7.1320927 -0.0012467232 0.0010402055)
(7.1278328 -0.0012138695 0.0010536256)
(7.1227395 -0.0011800184 0.0010394182)
(7.1179882 -0.0011518962 0.0010216531)
(7.1135201 -0.0011300744 0.0010050359)
(7.1090081 -0.001113556 0.00098950088)
(7.1043844 -0.0011006077 0.00097451948)
(7.0997218 -0.0010904282 0.00095983075)
(7.0950497 -0.0010824082 0.00094537049)
(7.0903608 -0.001075778 0.00093115574)
(7.0856396 -0.0010705887 0.0009171729)
(7.0808864 -0.0010659955 0.00090344994)
(7.0761042 -0.0010622917 0.00088997189)
(7.0712905 -0.001058877 0.00087675063)
(7.0664485 -0.0010558529 0.00086378102)
(7.0615721 -0.0010530759 0.00085105387)
(7.0566662 -0.0010502839 0.00083857449)
(7.0517263 -0.0010477377 0.00082632215)
(7.0467544 -0.0010450028 0.00081429832)
(7.0417492 -0.0010423542 0.00080249042)
(7.0367089 -0.0010395789 0.00079087878)
(7.0316348 -0.0010365903 0.00077946829)
(7.0265235 -0.0010336363 0.00076821125)
(7.0213761 -0.0010301825 0.00075713118)
(7.0161901 -0.001026774 0.00074615656)
(7.010964 -0.0010227389 0.00073531311)
(7.0056984 -0.0010186503 0.00072451556)
(7.0003878 -0.0010139177 0.00071379441)
(6.9950341 -0.0010087883 0.00070304794)
(6.9896324 -0.0010031003 0.00069230067)
(6.9841821 -0.00099674387 0.00068144886)
(6.9786817 -0.00098975246 0.00067051248)
(6.9731231 -0.00098216181 0.00065940334)
(6.9675217 -0.00097290196 0.00064785566)
(6.9618365 -0.00096750077 0.00063857765)
(6.9561277 -0.0009344983 0.00060783271)
(6.9508401 -0.0011415447 0.00072309404)
(6.9416026 -0.0007700675 0.00053655665)
(7.1193286 -0.00064760886 0.00048934879)
(7.0808576 -0.0011032796 0.00091360827)
(7.0436374 -0.001281544 0.001032582)
(7.0045861 -0.0013777418 0.0010432339)
(6.9651091 -0.0014370511 0.0010267986)
(6.9264217 -0.0014759187 0.0010072401)
(6.8884617 -0.0015008947 0.00098915086)
(6.8508883 -0.0015153764 0.00097236678)
(6.8136304 -0.0015213975 0.00095628971)
(6.7767574 -0.0015208691 0.00094060665)
(6.7403007 -0.0015153245 0.00092521716)
(6.7042457 -0.0015058265 0.00091011205)
(6.6685753 -0.0014935249 0.00089525437)
(6.6332858 -0.0014788669 0.00088065913)
(6.5983762 -0.0014626793 0.00086629749)
(6.5638439 -0.001445179 0.0008521766)
(6.5296843 -0.0014268268 0.00083828459)
(6.4958942 -0.0014078577 0.00082461091)
(6.4624697 -0.0013883772 0.0008111593)
(6.4294087 -0.0013686995 0.00079790955)
(6.3967072 -0.001348734 0.00078486456)
(6.3643639 -0.0013287248 0.00077201423)
(6.3323747 -0.0013086232 0.00075934145)
(6.3007395 -0.00128843 0.000746856)
(6.2694558 -0.0012682962 0.00073451449)
(6.2385239 -0.0012479489 0.00072234726)
(6.2079442 -0.0012276556 0.00071029101)
(6.1777189 -0.0012070417 0.00069837724)
(6.1478511 -0.0011863777 0.00068653539)
(6.1183439 -0.0011653181 0.00067480222)
(6.089205 -0.0011439145 0.00066309805)
(6.0604414 -0.0011220597 0.00065144984)
(6.0320624 -0.001099581 0.0006397873)
(6.0040821 -0.0010765487 0.00062812681)
(5.9765005 -0.0010526569 0.00061642581)
(5.9493709 -0.0010280482 0.00060441518)
(5.9225903 -0.0010039508 0.0005946674)
(5.8965116 -0.00096208416 0.00056550527)
(5.870683 -0.0011033828 0.00066688276)
(5.8333678 -0.00080354768 0.00049901008)
(7.1380451 0.00064848594 0.00048955592)
(7.1366378 0.0011079865 0.00091646994)
(7.1360653 0.0012898669 0.0010402383)
(7.1332327 0.0013889506 0.0010568917)
(7.1294963 0.0014509962 0.0010468734)
(7.1260386 0.0014925073 0.0010336568)
(7.1228028 0.0015203579 0.00102183)
(7.1194644 0.0015377689 0.0010111547)
(7.1159596 0.0015469594 0.0010011114)
(7.1123624 0.001549746 0.00099136225)
(7.1087072 0.0015476158 0.00098178053)
(7.1049876 0.0015417737 0.00097242876)
(7.1011921 0.0015330938 0.00096315769)
(7.0973235 0.0015223178 0.0009541103)
(7.0933867 0.0015099538 0.00094513764)
(7.0893835 0.0014964409 0.00093633468)
(7.0853171 0.0014820899 0.00092764747)
(7.0811869 0.0014671341 0.00091905835)
(7.0769974 0.0014517779 0.00091062664)
(7.0727489 0.0014361247 0.00090224469)
(7.0684445 0.0014203024 0.00089400966)
(7.0640864 0.0014043525 0.00088583993)
(7.0596754 0.0013883242 0.00087774954)
(7.0552163 0.0013722408 0.00086977164)
(7.0507096 0.0013560729 0.00086178082)
(7.0461602 0.0013398413 0.00085394792)
(7.0415707 0.0013234567 0.00084604372)
(7.036946 0.0013069231 0.00083827447)
(7.0322917 0.0012901137 0.00083039154)
(7.0276114 0.0012730175 0.00082261318)
(7.0229139 0.0012554861 0.00081471611)
(7.0182051 0.0012374927 0.00080683376)
(7.0134934 0.0012188678 0.00079880506)
(7.0087901 0.0011996179 0.00079073415)
(7.0040948 0.0011794632 0.00078246431)
(6.9994494 0.0011585493 0.00077391882)
(6.9947658 0.0011381993 0.00076711237)
(6.9903747 0.0010984975 0.00074364864)
(6.9853196 0.0012439271 0.00083084043)
(6.979311 0.00095392865 0.00069120131)
(7.1558771 0.00091738511 0.00049013501)
(7.190004 0.0012524764 0.00091860396)
(7.2246663 0.0012536924 0.0010437021)
(7.2567832 0.0012226189 0.0010611958)
(7.2876438 0.0011904158 0.0010515318)
(7.3183952 0.0011636842 0.0010383001)
(7.348986 0.0011435464 0.0010262019)
(7.3791076 0.0011285248 0.0010150967)
(7.4087051 0.0011172577 0.0010045314)
(7.437856 0.0011087433 0.00099421822)
(7.4666005 0.0011022885 0.00098406707)
(7.4949391 0.0010974753 0.00097416095)
(7.5228678 0.0010937865 0.00096437843)
(7.5503953 0.001091064 0.00095486679)
(7.5775325 0.0010889456 0.0009454964)
(7.604287 0.001087349 0.00093636103)
(7.6306672 0.001086092 0.00092741403)
(7.6566784 0.0010850529 0.00091864012)
(7.6823292 0.0010842147 0.00091009348)
(7.7076251 0.0010834051 0.00090167387)
(7.7325728 0.0010826812 0.00089346733)
(7.7571783 0.0010819045 0.00088539619)
(7.7814455 0.0010810803 0.00087746891)
(7.8053807 0.0010801809 0.00086971029)
(7.828986 0.0010790904 0.00086200103)
(7.8522658 0.0010779037 0.00085448764)
(7.8752214 0.0010764064 0.00084695551)
(7.8978546 0.0010747398 0.0008395806)
(7.9201654 0.0010726549 0.00083212826)
(7.9421517 0.0010702937 0.00082478223)
(7.9638115 0.0010674225 0.00081732637)
(7.9851411 0.0010641354 0.00080986831)
(8.0061336 0.0010602248 0.00080224197)
(8.026785 0.0010557559 0.00079452975)
(8.0470785 0.0010506312 0.00078656638)
(8.0670215 0.0010441862 0.00077823791)
(8.0865672 0.0010409788 0.00077174578)
(8.1057808 0.0010114093 0.00074665456)
(8.1244238 0.0012115583 0.00084712267)
(8.151751 0.00086461447 0.00068952785)
(7.1505621 0.00038250413 0.00048968598)
(7.1741663 0.00024697059 0.00091599084)
(7.1985965 0.00010916247 0.0010379857)
(7.2207209 5.6588047e-05 0.0010524125)
(7.2418488 3.2582951e-05 0.0010402044)
(7.2631414 1.7729597e-05 0.0010250382)
(7.2845456 8.1676795e-06 0.0010115311)
(7.3057467 2.3929513e-06 0.00099943088)
(7.3266855 -2.7350869e-07 0.00098818089)
(7.3474361 -5.3665862e-07 0.00097741274)
(7.3680339 1.0073793e-06 0.00096697416)
(7.3884745 4.0397064e-06 0.00095689719)
(7.4087483 7.967733e-06 0.0009470261)
(7.4288589 1.2774538e-05 0.00093747622)
(7.4488121 1.7995604e-05 0.00092809999)
(7.4686104 2.3655952e-05 0.00091897322)
(7.4882572 2.9534647e-05 0.00091003932)
(7.5077527 3.5526715e-05 0.00090127546)
(7.5271011 4.1672357e-05 0.00089272929)
(7.5463033 4.7732717e-05 0.00088429991)
(7.5653616 5.3872482e-05 0.00087606885)
(7.5842781 5.9891872e-05 0.00086796123)
(7.6030528 6.5860853e-05 0.00085998364)
(7.6216889 7.1785354e-05 0.00085216458)
(7.6401853 7.7516995e-05 0.00084438568)
(7.6585444 8.3302853e-05 0.00083679796)
(7.6767653 8.8823579e-05 0.00082918952)
(7.6948488 9.4432402e-05 0.00082174265)
(7.7127944 9.9770055e-05 0.00081422592)
(7.7306 0.00010519127 0.00080683276)
(7.7482649 0.0001104054 0.00079934933)
(7.7657866 0.00011565828 0.0007918959)
(7.7831611 0.00012075544 0.00078430891)
(7.8003878 0.00012584518 0.00077668281)
(7.8174509 0.00013101273 0.00076886406)
(7.8343767 0.00013512595 0.00076072569)
(7.8510545 0.00014367476 0.00075448938)
(7.8678674 0.00013575262 0.00072996159)
(7.8832589 0.00023462192 0.00083234972)
(7.9082267 7.2785783e-05 0.0006707866)
(7.1505489 0.00011303611 0.0004894615)
(7.1741097 0.0001033892 0.00091590933)
(7.1984958 0.00014967326 0.0010387265)
(7.2205531 0.00023155086 0.0010542483)
(7.2415892 0.00030672405 0.0010429804)
(7.2627649 0.00036532794 0.0010284062)
(7.2840252 0.00040928776 0.0010151198)
(7.3050534 0.00044161572 0.0010029275)
(7.3257887 0.00046527942 0.00099134177)
(7.3463046 0.00048229832 0.0009800575)
(7.3666361 0.0004941891 0.00096897535)
(7.3867789 0.00050232858 0.00095816296)
(7.4067238 0.0005073221 0.00094750041)
(7.426475 0.00051022803 0.00093712033)
(7.4460389 0.00051124524 0.000926898)
(7.4654187 0.00051105009 0.00091691885)
(7.4846189 0.00050982555 0.00090713708)
(7.5036405 0.00050781215 0.00089753826)
(7.5224886 0.00050533996 0.00088817113)
(7.5411651 0.00050231145 0.00087894359)
(7.5596732 0.00049910177 0.00086993334)
(7.5780159 0.00049556951 0.00086107165)
(7.5961942 0.00049188814 0.00085236222)
(7.6142122 0.00048813517 0.00084383425)
(7.6320698 0.00048414188 0.00083537048)
(7.6497701 0.00048027068 0.00082711646)
(7.6673133 0.00047609756 0.00081886453)
(7.6847009 0.00047209733 0.00081078863)
(7.7019336 0.00046778005 0.00080266203)
(7.71901 0.00046359289 0.0007946687)
(7.7359304 0.00045914717 0.00078659831)
(7.7526933 0.00045471365 0.000778562)
(7.7692957 0.00045003453 0.00077039951)
(7.7857383 0.00044530932 0.0007621949)
(7.8020053 0.00044030911 0.00075379734)
(7.8181287 0.00043493544 0.00074507381)
(7.8339842 0.00043087102 0.00073825769)
(7.8499978 0.00042013829 0.00071307537)
(7.8645381 0.00044426383 0.00081432877)
(7.888275 0.00038529444 0.00065338257)
(7.1505489 -0.0001130406 0.00048946151)
(7.1741097 -0.00010341985 0.0009159094)
(7.1984958 -0.00014965509 0.0010387263)
(7.2205531 -0.00023162269 0.0010542486)
(7.2415892 -0.00030665873 0.00104298)
(7.2627649 -0.00036540552 0.0010284065)
(7.2840252 -0.00040921228 0.0010151195)
(7.3050534 -0.00044164347 0.0010029276)
(7.3257887 -0.00046524244 0.00099134195)
(7.3463046 -0.00048223298 0.00098005705)
(7.3666361 -0.00049424045 0.00096897601)
(7.3867789 -0.00050221525 0.00095816226)
(7.4067238 -0.00050743415 0.00094750121)
(7.426475 -0.00051015169 0.00093711986)
(7.4460389 -0.00051133255 0.0009268983)
(7.4654187 -0.00051106222 0.00091691907)
(7.4846189 -0.00050983951 0.00090713671)
(7.5036405 -0.00050790425 0.00089753912)
(7.5224886 -0.00050528173 0.00088817027)
(7.5411651 -0.00050240092 0.00087894454)
(7.5596732 -0.00049905218 0.00086993275)
(7.5780159 -0.00049558401 0.00086107217)
(7.5961942 -0.00049192251 0.00085236239)
(7.6142122 -0.00048806459 0.00084383403)
(7.6320698 -0.00048428324 0.0008353714)
(7.6497701 -0.00048017741 0.00082711543)
(7.6673133 -0.00047627717 0.00081886539)
(7.6847009 -0.00047202012 0.00081078659)
(7.7019336 -0.000467967 0.00080266189)
(7.7190099 -0.00046358678 0.0007946646)
(7.7359302 -0.00045926525 0.00078659624)
(7.7526931 -0.00045470788 0.00077855437)
(7.7692954 -0.00045009395 0.0007703943)
(7.7857378 -0.00044519209 0.0007621811)
(7.8020046 -0.00044035892 0.00075378696)
(7.8181277 -0.00043459126 0.00074505044)
(7.8339829 -0.00043093735 0.00073823882)
(7.849996 -0.00041947707 0.00071304039)
(7.8645359 -0.000444697 0.0008142952)
(7.8882717 -0.00038456459 0.00065332686)
(7.1505621 -0.00038250845 0.00048968597)
(7.1741662 -0.00024700006 0.00091599104)
(7.1985965 -0.0001091439 0.0010379855)
(7.2207209 -5.6657489e-05 0.0010524129)
(7.2418488 -3.2519063e-05 0.0010402039)
(7.2631414 -1.7805057e-05 0.0010250384)
(7.2845456 -8.0938741e-06 0.001011531)
(7.3057467 -2.4204656e-06 0.00099943044)
(7.3266855 3.1093297e-07 0.00098818161)
(7.3474361 5.9977978e-07 0.00097741156)
(7.3680339 -1.0557015e-06 0.00096697542)
(7.3884745 -3.9294554e-06 0.00095689594)
(7.4087483 -8.0743275e-06 0.00094702735)
(7.4288589 -1.2698911e-05 0.0009374758)
(7.4488121 -1.8078728e-05 0.00092810012)
(7.4686103 -2.3664823e-05 0.00091897422)
(7.4882572 -2.9546953e-05 0.00091003841)
(7.5077527 -3.5610798e-05 0.0009012775)
(7.5271012 -4.1612838e-05 0.00089272791)
(7.5463034 -4.7812096e-05 0.00088430198)
(7.5653617 -5.3817776e-05 0.00087606836)
(7.5842782 -5.9896324e-05 0.00086796213)
(7.603053 -6.5880929e-05 0.00085998443)
(7.6216891 -7.1705906e-05 0.00085216431)
(7.6401856 -7.7636788e-05 0.00084438836)
(7.6585447 -8.320276e-05 0.0008367965)
(7.6767658 -8.8974032e-05 0.00082919269)
(7.6948493 -9.4349892e-05 0.00082174055)
(7.712795 -9.9930158e-05 0.00081423038)
(7.7306006 -0.00010518458 0.0008068287)
(7.7482656 -0.0001104898 0.0007993541)
(7.7657872 -0.00011565095 0.00079188875)
(7.7831616 -0.0001207775 0.00078431452)
(7.8003878 -0.0001257436 0.00077667092)
(7.8174507 -0.00013103488 0.00076886992)
(7.8343755 -0.00013483051 0.00076070634)
(7.8510527 -0.00014372927 0.00075449344)
(7.8678636 -0.00013519028 0.00072993593)
(7.8832547 -0.00023504299 0.00083234488)
(7.9082181 -7.2153915e-05 0.00067073909)
(7.155877 -0.0009173855 0.00049013507)
(7.1900038 -0.0012525023 0.00091860434)
(7.2246663 -0.0012536751 0.0010437014)
(7.256783 -0.0012226817 0.0010611973)
(7.2876439 -0.0011903627 0.00105153)
(7.3183953 -0.0011637528 0.001038302)
(7.3489861 -0.0011434849 0.0010262005)
(7.379108 -0.0011285525 0.0010150972)
(7.4087051 -0.0011172264 0.0010045319)
(7.4378565 -0.0011086914 0.00099421616)
(7.4666005 -0.0011023289 0.00098406971)
(7.4949394 -0.0010973806 0.0009741575)
(7.5228679 -0.0010938744 0.00096438199)
(7.5503952 -0.0010909987 0.00095486419)
(7.5775328 -0.0010890166 0.00094549777)
(7.6042868 -0.0010873576 0.00093636147)
(7.6306678 -0.0010861088 0.00092741257)
(7.6566785 -0.0010851318 0.00091864361)
(7.6823302 -0.0010841799 0.00091009004)
(7.7076261 -0.0010834891 0.00090167823)
(7.7325744 -0.0010826584 0.00089346543)
(7.7571804 -0.0010819367 0.00088539829)
(7.7814479 -0.0010811267 0.00087747013)
(7.8053839 -0.0010801491 0.00086970913)
(7.8289895 -0.0010792219 0.00086200609)
(7.8522701 -0.0010778666 0.00085448349)
(7.8752262 -0.0010765613 0.00084696063)
(7.8978598 -0.0010747111 0.00083957335)
(7.9201715 -0.0010728097 0.00083213154)
(7.9421581 -0.0010703417 0.00082477043)
(7.9638187 -0.0010675031 0.00081732453)
(7.9851483 -0.0010641623 0.00080984641)
(8.0061409 -0.001060193 0.00080223186)
(8.0267915 -0.0010556381 0.00079448838)
(8.0470843 -0.0010505003 0.000786542)
(8.0670248 -0.0010438044 0.00077816548)
(8.086569 -0.0010407333 0.00077169825)
(8.1057777 -0.0010106813 0.00074654696)
(8.1244202 -0.0012115192 0.00084704195)
(8.1517401 -0.00086377607 0.00068935531)
(7.1380451 -0.00064848421 0.000489556)
(7.136638 -0.0011079984 0.00091646983)
(7.1360653 -0.0012898591 0.0010402382)
(7.1332329 -0.0013889805 0.0010568914)
(7.1294962 -0.0014509738 0.0010468733)
(7.1260385 -0.0014925403 0.0010336565)
(7.1228027 -0.0015203316 0.0010218306)
(7.1194639 -0.0015377839 0.0010111537)
(7.1159595 -0.0015469466 0.0010011133)
(7.1123619 -0.0015497239 0.00099136111)
(7.1087071 -0.001547635 0.00098178254)
(7.1049872 -0.0015417306 0.00097242792)
(7.1011921 -0.0015331348 0.00096315934)
(7.0973236 -0.001522289 0.00095411059)
(7.0933864 -0.0015099899 0.00094513735)
(7.0893838 -0.0014964495 0.0009363368)
(7.0853164 -0.001482106 0.00092764605)
(7.0811869 -0.0014671826 0.00091906205)
(7.0769962 -0.0014517784 0.00091062511)
(7.0727479 -0.0014361858 0.00090224882)
(7.0684426 -0.0014203188 0.00089401085)
(7.0640839 -0.0014044019 0.00088584308)
(7.0596725 -0.0013883857 0.00087775382)
(7.0552125 -0.0013722707 0.00086977361)
(7.0507052 -0.0013561847 0.00086179038)
(7.0461548 -0.0013398818 0.00085394906)
(7.0415646 -0.0013235882 0.00084605745)
(7.0369395 -0.0013069701 0.00083827649)
(7.032284 -0.0012902462 0.00083041318)
(7.0276033 -0.0012731133 0.00082261644)
(7.0229049 -0.0012555866 0.00081474829)
(7.0181963 -0.001237576 0.00080684067)
(7.0134848 -0.0012188906 0.00079885419)
(7.0087833 -0.0011995985 0.0007907488)
(7.0040898 -0.0011793889 0.00078253605)
(6.9994492 -0.0011583438 0.00077394433)
(6.994769 -0.0011379953 0.00076721253)
(6.9903875 -0.0010980513 0.00074369718)
(6.9853345 -0.0012437817 0.00083101902)
(6.9793424 -0.00095345205 0.00069125971)
(7.1380451 0.00064848592 -0.00048955558)
(7.1366376 0.0011079864 -0.00091648985)
(7.1360653 0.001289867 -0.0010402244)
(7.1332325 0.0013889504 -0.00105694)
(7.1294964 0.0014509965 -0.001046833)
(7.1260387 0.0014925069 -0.0010337098)
(7.1228029 0.0015203583 -0.0010217834)
(7.1194648 0.0015377687 -0.0010111757)
(7.1159596 0.0015469596 -0.0010010879)
(7.112363 0.0015497462 -0.00099132087)
(7.1087072 0.0015476156 -0.00098181159)
(7.1049879 0.0015417742 -0.00097235308)
(7.1011922 0.0015330934 -0.00096322479)
(7.0973234 0.0015223182 -0.00095405835)
(7.093387 0.0015099535 -0.00094519116)
(7.0893832 0.001496441 -0.00093634186)
(7.0853178 0.0014820899 -0.00092765995)
(7.081187 0.0014671338 -0.00091912157)
(7.0769985 0.0014517781 -0.00091059942)
(7.0727499 0.0014361243 -0.00090231082)
(7.0684462 0.0014203025 -0.00089399505)
(7.0640886 0.001404352 -0.00088586258)
(7.0596781 0.0013883235 -0.00087778954)
(7.0552198 0.0013722397 -0.00086974045)
(7.0507137 0.0013560704 -0.00086189505)
(7.0461652 0.001339838 -0.00085391429)
(7.0415767 0.0013234505 -0.00084617792)
(7.0369526 0.0013069146 -0.00083825055)
(7.0322998 0.0012901009 -0.00083054475)
(7.0276206 0.0012729994 -0.00082266295)
(7.0229248 0.0012554613 -0.00081481585)
(7.0182172 0.0012374583 -0.00080687279)
(7.0135073 0.0012188226 -0.00079882747)
(7.0088049 0.001199558 -0.00079067687)
(7.0041115 0.0011793866 -0.00078243731)
(6.9994664 0.0011584526 -0.00077367606)
(6.9947852 0.001138076 -0.00076703302)
(6.9903932 0.0010983565 -0.00074318601)
(6.9853425 0.0012437488 -0.00083107437)
(6.9793375 0.00095367867 -0.00069060851)
(7.155877 0.0009173851 -0.0004901347)
(7.1900038 0.0012524764 -0.00091862377)
(7.2246663 0.0012536924 -0.0010436882)
(7.256783 0.0012226188 -0.0010612436)
(7.2876439 0.0011904159 -0.0010514917)
(7.3183953 0.001163684 -0.0010383523)
(7.3489861 0.0011435466 -0.0010261562)
(7.379108 0.0011285246 -0.0010151175)
(7.4087051 0.0011172579 -0.0010045085)
(7.4378565 0.0011087432 -0.00099417866)
(7.4666005 0.0011022886 -0.000984097)
(7.4949394 0.0010974753 -0.00097408875)
(7.5228679 0.0010937863 -0.00096444246)
(7.5503952 0.0010910642 -0.00095481732)
(7.5775327 0.0010889454 -0.00094554685)
(7.6042868 0.0010873491 -0.00093636722)
(7.6306678 0.0010860917 -0.00092742521)
(7.6566785 0.0010850529 -0.00091869829)
(7.6823301 0.0010842145 -0.00091006713)
(7.707626 0.0010834049 -0.000901734)
(7.7325744 0.0010826809 -0.00089345207)
(7.7571803 0.001081904 -0.00088541532)
(7.7814479 0.0010810795 -0.00087750279)
(7.8053838 0.0010801798 -0.00086967855)
(7.8289894 0.0010790886 -0.00086209974)
(7.8522699 0.0010779012 -0.00085445077)
(7.875226 0.0010764024 -0.00084706794)
(7.8978595 0.0010747341 -0.00083954729)
(7.9201711 0.0010726468 -0.00083224919)
(7.9421574 0.0010702821 -0.00082480583)
(7.9638178 0.0010674069 -0.00081738794)
(7.985147 0.0010641135 -0.00080986857)
(8.0061391 0.0010601965 -0.0008022183)
(8.0267889 0.0010557179 -0.00079442537)
(8.0470809 0.0010505834 -0.00078647608)
(8.0670202 0.0010441247 -0.00077794485)
(8.0865632 0.0010409018 -0.00077157992)
(8.1057701 0.001011321 -0.00074613388)
(8.1244113 0.0012114509 -0.00084712741)
(8.1517262 0.00086444724 -0.00068887476)
(7.1505621 0.00038250415 -0.00048968566)
(7.174166 0.00024697071 -0.00091601051)
(7.1985965 0.00010916231 -0.001037972)
(7.2207207 5.6588404e-05 -0.0010524599)
(7.2418489 3.258253e-05 -0.0010401648)
(7.2631415 1.7729968e-05 -0.00102509)
(7.2845457 8.1673208e-06 -0.0010114856)
(7.3057471 2.392988e-06 -0.00099945163)
(7.3266855 -2.7348553e-07 -0.0009881577)
(7.3474366 -5.371674e-07 -0.00097737343)
(7.3680339 1.0079032e-06 -0.00096700348)
(7.3884748 4.0389006e-06 -0.00095682531)
(7.4087484 7.9684612e-06 -0.0009470897)
(7.4288588 1.2773976e-05 -0.00093742697)
(7.4488124 1.7995883e-05 -0.00092815061)
(7.4686101 2.3655987e-05 -0.00091897947)
(7.4882578 2.9534208e-05 -0.00091005116)
(7.5077528 3.5527252e-05 -0.00090133365)
(7.5271021 4.1671298e-05 -0.0008927038)
(7.5463042 4.7733186e-05 -0.00088436008)
(7.5653632 5.3871517e-05 -0.00087605454)
(7.5842801 5.9891772e-05 -0.00086798052)
(7.6030552 6.5860379e-05 -0.00086001892)
(7.621692 7.1784547e-05 -0.00085213333)
(7.6401889 7.7517326e-05 -0.00084448685)
(7.6585487 8.3301961e-05 -0.00083676259)
(7.6767703 8.8824393e-05 -0.00082930582)
(7.6948542 9.4432008e-05 -0.00082171242)
(7.7128008 9.9771807e-05 -0.00081435323)
(7.7306068 0.00010519229 -0.00080686298)
(7.7482726 0.00011040859 -0.00079941987)
(7.7657945 0.00011566106 -0.00079190707)
(7.7831693 0.00012076147 -0.00078429792)
(7.8003952 0.00012585057 -0.00077659479)
(7.8174579 0.00013102366 -0.00076879225)
(7.8343814 0.00013513486 -0.0007604557)
(7.8510581 0.00014369284 -0.00075435073)
(7.8678663 0.00013576664 -0.00072946777)
(7.8832576 0.00023465434 -0.00083238551)
(7.9082186 7.2805581e-05 -0.00067020979)
(7.1505489 0.00011303614 -0.00048946114)
(7.1741095 0.00010338931 -0.00091592872)
(7.1984958 0.00014967311 -0.0010387132)
(7.2205529 0.00023155121 -0.0010542949)
(7.2415893 0.00030672363 -0.0010429418)
(7.2627651 0.00036532833 -0.001028457)
(7.2840253 0.00040928741 -0.0010150751)
(7.3050538 0.00044161577 -0.0010029481)
(7.3257887 0.00046527952 -0.00099131844)
(7.3463051 0.00048229781 -0.00098001924)
(7.3666361 0.00049418971 -0.00096900336)
(7.3867793 0.00050232772 -0.00095809285)
(7.4067239 0.00050732288 -0.00094756214)
(7.4264749 0.00051022737 -0.0009370722)
(7.4460391 0.00051124546 -0.00092694764)
(7.4654184 0.00051105005 -0.00091692463)
(7.4846195 0.00050982496 -0.00090714929)
(7.5036405 0.00050781265 -0.00089759437)
(7.5224896 0.00050533867 -0.00088814697)
(7.5411659 0.0005023119 -0.0008790013)
(7.5596747 0.00049910064 -0.00086991948)
(7.5780178 0.00049556928 -0.00086108908)
(7.5961965 0.00049188748 -0.00085239603)
(7.6142152 0.00048813378 -0.0008438022)
(7.6320732 0.00048414176 -0.00083546762)
(7.6497741 0.00048026821 -0.00082708002)
(7.667318 0.00047609693 -0.00081897497)
(7.6847059 0.00047209345 -0.00081075611)
(7.7019396 0.00046777822 -0.00080278118)
(7.7190161 0.00046358703 -0.00079469378)
(7.7359374 0.00045914307 -0.00078665745)
(7.7527002 0.00045470417 -0.00077856505)
(7.7693027 0.00045002728 -0.00077037172)
(7.7857443 0.0004452941 -0.00076209533)
(7.8020106 0.00044029728 -0.00075370049)
(7.8181313 0.00043491136 -0.00074478875)
(7.8339853 0.0004308522 -0.00073808321)
(7.8499938 0.00042010208 -0.00071256193)
(7.8645333 0.00044423906 -0.0008143064)
(7.8882624 0.00038523733 -0.0006527764)
(7.1505489 -0.00011304061 -0.00048946114)
(7.1741095 -0.00010341977 -0.00091592868)
(7.1984958 -0.00014965515 -0.0010387132)
(7.2205529 -0.00023162257 -0.0010542948)
(7.2415893 -0.00030665888 -0.0010429419)
(7.2627651 -0.00036540555 -0.001028457)
(7.2840253 -0.00040921229 -0.001015075)
(7.3050538 -0.00044164376 -0.0010029483)
(7.3257887 -0.00046524213 -0.00099131805)
(7.3463051 -0.00048223347 -0.00098001956)
(7.3666361 -0.00049424004 -0.00096900283)
(7.3867792 -0.00050221574 -0.00095809316)
(7.4067239 -0.00050743385 -0.0009475617)
(7.4264749 -0.00051015188 -0.00093707216)
(7.4460391 -0.0005113328 -0.00092694764)
(7.4654184 -0.00051106204 -0.00091692415)
(7.4846195 -0.00050984028 -0.00090714966)
(7.5036405 -0.00050790395 -0.00089759359)
(7.5224896 -0.00050528285 -0.00088814757)
(7.5411659 -0.00050240092 -0.00087900071)
(7.5596747 -0.00049905309 -0.00086991968)
(7.5780178 -0.00049558468 -0.00086108883)
(7.5961965 -0.00049192315 -0.0008523957)
(7.6142151 -0.00048806591 -0.00084380253)
(7.6320731 -0.00048428318 -0.00083546638)
(7.6497741 -0.00048017918 -0.00082708064)
(7.6673179 -0.00047627672 -0.00081897292)
(7.6847059 -0.00047202182 -0.00081075665)
(7.7019394 -0.00046796499 -0.00080277737)
(7.719016 -0.00046358801 -0.00079469397)
(7.7359371 -0.00045926093 -0.00078665107)
(7.7527 -0.00045470751 -0.00077856394)
(7.7693023 -0.00045008481 -0.00077036064)
(7.7857438 -0.00044518774 -0.00076209067)
(7.8020098 -0.00044034186 -0.00075368179)
(7.8181304 -0.00043458017 -0.00074477827)
(7.833984 -0.000430909 -0.00073805395)
(7.8499921 -0.00041945469 -0.00071254234)
(7.8645311 -0.00044465443 -0.00081425471)
(7.8882593 -0.00038452562 -0.00065274621)
(7.1505621 -0.00038250844 -0.00048968562)
(7.174166 -0.00024700009 -0.00091601022)
(7.1985965 -0.00010914395 -0.0010379724)
(7.2207207 -5.6657442e-05 -0.001052459)
(7.2418489 -3.2519252e-05 -0.0010401659)
(7.2631415 -1.7804893e-05 -0.001025089)
(7.2845457 -8.0939897e-06 -0.0010114862)
(7.3057471 -2.4204402e-06 -0.00099945165)
(7.3266855 3.1113103e-07 -0.00098815701)
(7.3474366 5.9950683e-07 -0.00097737477)
(7.3680339 -1.0552959e-06 -0.00096700145)
(7.3884748 -3.9299246e-06 -0.00095682736)
(7.4087483 -8.0738402e-06 -0.00094708718)
(7.4288588 -1.2699348e-05 -0.00093742794)
(7.4488123 -1.8078737e-05 -0.00092814955)
(7.46861 -2.3664868e-05 -0.00091897824)
(7.4882578 -2.9547458e-05 -0.00091005181)
(7.5077527 -3.5610424e-05 -0.00090133026)
(7.5271021 -4.1613693e-05 -0.00089270555)
(7.5463041 -4.7811649e-05 -0.00088435651)
(7.5653632 -5.3818192e-05 -0.00087605476)
(7.5842801 -5.9896479e-05 -0.00086797826)
(7.6030552 -6.5880763e-05 -0.00086001646)
(7.621692 -7.1707137e-05 -0.00085213366)
(7.6401888 -7.7635786e-05 -0.00084448101)
(7.6585487 -8.3205357e-05 -0.00083676459)
(7.6767703 -8.8973099e-05 -0.00082929837)
(7.6948542 -9.4354233e-05 -0.00082171607)
(7.7128008 -9.9929629e-05 -0.00081434415)
(7.7306068 -0.00010519097 -0.00080686806)
(7.7482725 -0.00011049036 -0.00079940969)
(7.7657943 -0.00011566062 -0.00079191539)
(7.7831689 -0.00012077958 -0.00078428513)
(7.8003945 -0.00012575806 -0.00077660665)
(7.8174567 -0.00013103938 -0.00076877352)
(7.8343795 -0.00013485159 -0.00076047129)
(7.8510553 -0.00014373771 -0.00075432351)
(7.8678618 -0.00013521888 -0.00072948395)
(7.8832523 -0.00023505634 -0.0008323198)
(7.9082094 -7.2192188e-05 -0.00067022883)
(7.155877 -0.00091738549 -0.00049013459)
(7.1900036 -0.0012525028 -0.00091862354)
(7.2246664 -0.0012536746 -0.0010436887)
(7.2567828 -0.001222683 -0.0010612425)
(7.287644 -0.0011903615 -0.0010514933)
(7.3183954 -0.0011637545 -0.0010383508)
(7.3489862 -0.0011434834 -0.0010261572)
(7.3791084 -0.0011285535 -0.0010151173)
(7.4087052 -0.0011172254 -0.0010045075)
(7.437857 -0.0011086907 -0.00099418036)
(7.4666005 -0.0011023295 -0.000984094)
(7.4949397 -0.0010973787 -0.00097409171)
(7.5228679 -0.0010938759 -0.00096443865)
(7.5503951 -0.0010909969 -0.00095481911)
(7.577533 -0.0010890181 -0.00094554534)
(7.6042865 -0.001087357 -0.000936366)
(7.6306683 -0.0010861093 -0.00092742651)
(7.6566785 -0.0010851327 -0.00091869396)
(7.6823311 -0.0010841794 -0.00091007052)
(7.7076268 -0.0010834907 -0.00090172941)
(7.7325758 -0.0010826575 -0.00089345338)
(7.7571822 -0.0010819378 -0.00088541285)
(7.7814501 -0.0010811264 -0.00087750002)
(7.8053867 -0.0010801494 -0.00086968015)
(7.8289926 -0.0010792213 -0.00086209123)
(7.8522739 -0.0010778665 -0.00085445445)
(7.8752306 -0.0010765588 -0.0008470552)
(7.8978644 -0.0010747098 -0.00083955151)
(7.9201767 -0.0010728017 -0.00083223106)
(7.9421636 -0.001070338 -0.00082480743)
(7.9638245 -0.0010674857 -0.00081736199)
(7.9851539 -0.0010641508 -0.00080986709)
(8.0061458 -0.0010601598 -0.00080217875)
(8.0267951 -0.0010556099 -0.00079441786)
(8.047086 -0.0010504441 -0.00078641414)
(8.0670233 -0.0010437501 -0.00077792806)
(8.0865644 -0.0010406448 -0.00077148701)
(8.1057669 -0.0010105916 -0.00074610179)
(8.124407 -0.0012113918 -0.00084696201)
(8.1517155 -0.0008636228 -0.00068881335)
(7.1380451 -0.00064848424 -0.00048955544)
(7.1366378 -0.0011079987 -0.00091649041)
(7.1360653 -0.0012898585 -0.0010402241)
(7.1332327 -0.0013889819 -0.0010569414)
(7.1294963 -0.0014509724 -0.0010468323)
(7.1260386 -0.0014925423 -0.0010337113)
(7.1228028 -0.0015203299 -0.0010217817)
(7.1194643 -0.0015377852 -0.0010111773)
(7.1159596 -0.0015469455 -0.0010010851)
(7.1123624 -0.0015497231 -0.00099132098)
(7.1087072 -0.0015476359 -0.00098180965)
(7.1049875 -0.0015417283 -0.00097235229)
(7.1011921 -0.001533137 -0.00096322382)
(7.0973235 -0.0015222866 -0.00095405639)
(7.0933866 -0.0015099918 -0.00094519192)
(7.0893835 -0.0014964486 -0.00093633888)
(7.0853169 -0.0014821065 -0.00092766089)
(7.0811869 -0.0014671839 -0.0009191176)
(7.076997 -0.0014517775 -0.00091059966)
(7.0727486 -0.0014361882 -0.0009023069)
(7.0684439 -0.0014203178 -0.00089399202)
(7.0640856 -0.0014044037 -0.00088585905)
(7.0596746 -0.0013883862 -0.00087778423)
(7.0552152 -0.0013722708 -0.00086973979)
(7.0507084 -0.0013561855 -0.00086188639)
(7.0461588 -0.0013398803 -0.00085391834)
(7.0415692 -0.0013235868 -0.00084616846)
(7.0369447 -0.0013069653 -0.0008382623)
(7.0322904 -0.0012902372 -0.00083053469)
(7.0276107 -0.0012731035 -0.00082268871)
(7.0229137 -0.0012555643 -0.00081480876)
(7.0182063 -0.0012375529 -0.00080691786)
(7.0134962 -0.0012188454 -0.00079882486)
(7.0087959 -0.0011995482 -0.00079074376)
(7.0041039 -0.0011793094 -0.00078244237)
(6.999464 -0.0011582511 -0.00077377185)
(6.9947858 -0.0011378664 -0.00076705407)
(6.9904044 -0.001097901 -0.00074330063)
(6.9853549 -0.0012435924 -0.00083111781)
(6.9793676 -0.00095320782 -0.00069083106)
(7.1193286 0.00064761053 -0.00048934734)
(7.0808576 0.0011032678 -0.00091361814)
(7.0436374 0.0012815518 -0.0010325748)
(7.0045861 0.0013777116 -0.0010432606)
(6.9651091 0.0014370739 -0.0010267782)
(6.9264217 0.0014758847 -0.0010072713)
(6.8884617 0.001500922 -0.00098912673)
(6.8508883 0.0015153606 -0.00097238268)
(6.8136303 0.0015214112 -0.00095627787)
(6.7767574 0.0015208921 -0.00094058814)
(6.7403007 0.0015153046 -0.00092523526)
(6.7042457 0.0015058721 -0.0009100722)
(6.6685753 0.0014934815 -0.00089529332)
(6.6332858 0.0014788979 -0.00088063039)
(6.5983762 0.0014626405 -0.00086633221)
(6.5638439 0.0014451703 -0.0008521825)
(6.5296844 0.0014268091 -0.00083830082)
(6.4958942 0.0014078055 -0.00082465696)
(6.4624697 0.0013883765 -0.00081116182)
(6.4294088 0.0013686336 -0.00079797184)
(6.3967072 0.0013487167 -0.00078488549)
(6.3643639 0.0013286725 -0.00077207065)
(6.3323746 0.0013085576 -0.00075941188)
(6.3007394 0.0012884023 -0.00074689884)
(6.2694555 0.001268177 -0.00073464172)
(6.2385234 0.0012479142 -0.00072240674)
(6.2079434 0.0012275184 -0.00071044874)
(6.1777178 0.001207008 -0.00069845321)
(6.1478493 0.0011862472 -0.00068670564)
(6.1183414 0.0011652406 -0.00067494073)
(6.0892016 0.0011438344 -0.00066325338)
(6.0604368 0.0011220149 -0.00065159821)
(6.0320563 0.0010996109 -0.00063988643)
(6.0040741 0.0010766478 -0.0006281926)
(5.9764904 0.0010528266 -0.0006164413)
(5.9493582 0.0010283976 -0.00060429835)
(5.9225747 0.0010043051 -0.00059455148)
(5.8964925 0.00096276042 -0.0005651219)
(5.8706598 0.001103727 -0.00066681514)
(5.8333382 0.00080430843 -0.00049855031)
(7.1371612 0.0009169064 -0.00049032248)
(7.13418 0.0012485041 -0.00091796243)
(7.1320926 0.0012467405 -0.0010401984)
(7.1278331 0.0012138058 -0.0010536518)
(7.1227393 0.0011800725 -0.0010393982)
(7.117988 0.0011518255 -0.0010216837)
(7.1135199 0.001130138 -0.0010050126)
(7.1090072 0.0011135269 -0.00098951632)
(7.1043843 0.0011006407 -0.00097450823)
(7.0997207 0.0010904822 -0.0009598132)
(7.0950496 0.0010823664 -0.00094538801)
(7.0903602 0.001075878 -0.00093111814)
(7.0856394 0.0010704958 -0.00091721004)
(7.0808866 0.0010660657 -0.00090342326)
(7.0761035 0.0010622156 -0.00089000464)
(7.0712911 0.0010588686 -0.00087675664)
(7.0664471 0.001055834 -0.0008637963)
(7.061572 0.0010529914 -0.00085109715)
(7.0566639 0.0010503212 -0.00083857697)
(7.0517243 0.0010476469 -0.00082637981)
(7.0467508 0.0010450276 -0.00081431749)
(7.0417446 0.0010423204 -0.00080254162)
(7.0367033 0.0010395292 -0.00079094203)
(7.0316276 0.0010366292 -0.00077950471)
(7.0265153 0.0010334937 -0.00076832242)
(7.0213661 0.0010302315 -0.00075717739)
(7.0161785 0.0010266082 -0.00074628839)
(7.0109518 0.0010227852 -0.00073536427)
(7.0056837 0.0010184897 -0.00072464519)
(7.0003725 0.0010138865 -0.00071388336)
(6.9950166 0.0010087218 -0.00070314353)
(6.989615 0.0010031065 -0.00069237107)
(6.9841644 0.00099682024 -0.00068146389)
(6.9786665 0.00098994303 -0.00067047255)
(6.9731096 0.00098237144 -0.00065930213)
(6.9675152 0.0009734213 -0.00064760805)
(6.9618336 0.00096786425 -0.00063830474)
(6.9561389 0.00093545246 -0.00060730019)
(6.950852 0.0011417208 -0.00072277032)
(6.9416362 0.00077115037 -0.00053584973)
(7.131842 0.00038277129 -0.00048955055)
(7.1183935 0.00024546176 -0.00091412054)
(7.1062117 0.0001061423 -0.0010324889)
(7.0921698 5.2784907e-05 -0.0010423025)
(7.0776145 2.8105889e-05 -0.0010251103)
(7.0637281 1.2562045e-05 -0.0010052157)
(7.0504426 2.3374473e-06 -0.0009870144)
(7.0374192 -4.0368452e-06 -0.00097049994)
(7.0245843 -7.2284931e-06 -0.00095486322)
(7.0120015 -7.9449411e-06 -0.00093983319)
(6.999698 -6.7853922e-06 -0.00092529007)
(6.9876566 -4.0788269e-06 -0.00091106059)
(6.9758584 -4.2611444e-07 -0.00089730599)
(6.9642972 4.1491966e-06 -0.00088374971)
(6.9529696 9.1711312e-06 -0.00087061383)
(6.9418712 1.4662639e-05 -0.00085767918)
(6.930995 2.0391066e-05 -0.00084505019)
(6.9203363 2.6249741e-05 -0.00083268875)
(6.909889 3.2271423e-05 -0.00082050613)
(6.8996494 3.8212696e-05 -0.00080864184)
(6.8896111 4.4235231e-05 -0.00079690436)
(6.8797708 5.0135019e-05 -0.00078544478)
(6.8701221 5.5976e-05 -0.00077415303)
(6.860662 6.1768423e-05 -0.0007630152)
(6.8513846 6.7347493e-05 -0.00075212859)
(6.8422867 7.2977558e-05 -0.00074127522)
(6.8333637 7.831119e-05 -0.00073068153)
(6.8246128 8.3726504e-05 -0.00072005766)
(6.8160299 8.8830875e-05 -0.00070965298)
(6.8076115 9.4005973e-05 -0.0006992244)
(6.7993556 9.8931302e-05 -0.00068884267)
(6.7912599 0.00010386807 -0.00067846527)
(6.7833216 0.00010860373 -0.00066799194)
(6.7755426 0.00011328705 -0.00065748852)
(6.7679091 0.00011802403 -0.00064686983)
(6.7604576 0.00012150337 -0.00063577623)
(6.7530708 0.00013009218 -0.00062715166)
(6.7461381 0.00011891289 -0.00059715324)
(6.738664 0.0002349862 -0.00071522052)
(6.728915 4.1595589e-05 -0.00052416746)
(7.1318304 0.00011315424 -0.00048938216)
(7.1183357 0.00010260891 -0.00091446118)
(7.1060875 0.00014800695 -0.0010341149)
(7.0919336 0.00022922603 -0.0010454405)
(7.0772241 0.00030372043 -0.0010295137)
(7.0631487 0.00036156557 -0.0010104394)
(7.0496442 0.00040468788 -0.00099261002)
(7.0363754 0.0004360925 -0.00097608945)
(7.0232714 0.0004587431 -0.00096015449)
(7.0103978 0.00047464967 -0.00094460905)
(6.9977836 0.00048533223 -0.00092939213)
(6.9854132 0.00049217276 -0.00091437979)
(6.9732685 0.00049578029 -0.00089976619)
(6.9613443 0.0004972316 -0.00088530626)
(6.9496381 0.0004967248 -0.00087124018)
(6.9381461 0.00049495884 -0.00085736676)
(6.926862 0.0004921163 -0.00084380183)
(6.9157815 0.00048845316 -0.00083051482)
(6.9048991 0.00048430663 -0.00081742597)
(6.8942115 0.00047958237 -0.0008046752)
(6.8837129 0.00047466847 -0.00079207788)
(6.8734003 0.00046942283 -0.00077978317)
(6.8632679 0.00046402406 -0.00076768414)
(6.8533132 0.00045856115 -0.00075576612)
(6.8435309 0.00045285082 -0.00074412441)
(6.8339182 0.00044728597 -0.00073254302)
(6.8244714 0.00044141046 -0.00072124208)
(6.8151881 0.00043573842 -0.0007099353)
(6.8060652 0.00042974347 -0.00069886296)
(6.7971 0.00042390867 -0.00068778608)
(6.7882915 0.00041782393 -0.00067676447)
(6.7796386 0.00041177062 -0.00066576073)
(6.7711396 0.00040549463 -0.00065466046)
(6.7627981 0.00039918622 -0.00064353907)
(6.7546006 0.00039264054 -0.00063228719)
(6.7465911 0.00038568405 -0.00062057382)
(6.738632 0.00038032074 -0.00061130996)
(6.731187 0.00036732325 -0.00058061693)
(6.7230773 0.0003956872 -0.00069738346)
(6.7125909 0.00032420266 -0.00050719972)
(7.1318304 -0.00011315864 -0.00048938216)
(7.1183357 -0.00010263937 -0.00091446119)
(7.1060875 -0.00014798932 -0.0010341149)
(7.0919336 -0.00022929791 -0.0010454406)
(7.0772241 -0.0003036554 -0.0010295136)
(7.0631487 -0.00036164382 -0.0010104395)
(7.0496442 -0.00040461097 -0.00099260981)
(7.0363754 -0.00043612114 -0.00097608969)
(7.0232714 -0.0004587035 -0.00096015419)
(7.0103978 -0.00047458296 -0.00094460912)
(6.9977836 -0.00048538287 -0.00092939191)
(6.9854132 -0.00049205571 -0.00091437969)
(6.9732685 -0.00049589515 -0.0008997661)
(6.9613443 -0.00049715135 -0.00088530589)
(6.9496381 -0.00049681669 -0.00087124022)
(6.9381461 -0.00049496978 -0.00085736625)
(6.926862 -0.0004921328 -0.00084380188)
(6.9157815 -0.00048854764 -0.00083051429)
(6.9048991 -0.00048424658 -0.00081742593)
(6.8942115 -0.00047967434 -0.00080467487)
(6.8837129 -0.0004746151 -0.00079207762)
(6.8734003 -0.00046943443 -0.00077978297)
(6.863268 -0.00046405829 -0.00076768375)
(6.8533132 -0.00045848137 -0.00075576617)
(6.8435309 -0.00045299889 -0.00074412367)
(6.8339182 -0.00044718117 -0.00073254314)
(6.8244714 -0.00044159883 -0.00072124076)
(6.8151881 -0.00043565099 -0.00070993523)
(6.8060653 -0.00042993835 -0.00069886008)
(6.7971001 -0.00042390053 -0.00068778562)
(6.7882918 -0.0004179376 -0.00067675924)
(6.7796388 -0.00041176384 -0.0006657588)
(6.7711401 -0.0004055354 -0.00065465105)
(6.7627987 -0.00039905262 -0.00064353314)
(6.7546015 -0.00039266008 -0.00063227071)
(6.7465923 -0.00038528982 -0.00062056093)
(6.7386338 -0.00038034825 -0.00061128312)
(6.7311893 -0.00036655962 -0.00058059343)
(6.7230804 -0.0003960951 -0.00069733319)
(6.7125953 -0.00032336298 -0.0005071639)
(7.131842 -0.00038277548 -0.00048955051)
(7.1183935 -0.00024549119 -0.00091412042)
(7.1062117 -0.00010612432 -0.0010324891)
(7.0921698 -5.2854342e-05 -0.001042302)
(7.0776145 -2.8042584e-05 -0.0010251109)
(7.0637281 -1.2637629e-05 -0.001005215)
(7.0504426 -2.2627113e-06 -0.00098701481)
(7.0374192 4.0091336e-06 -0.00097049971)
(7.0245843 7.2681007e-06 -0.00095486289)
(7.0120016 8.0095897e-06 -0.00093983369)
(6.999698 6.7378101e-06 -0.00092528878)
(6.9876567 4.1923219e-06 -0.00091106158)
(6.9758585 3.1738737e-07 -0.00089730417)
(6.9642972 -4.0706758e-06 -0.00088375002)
(6.9529697 -9.2581642e-06 -0.00087061257)
(6.9418712 -1.4671157e-05 -0.00085767802)
(6.9309951 -2.040574e-05 -0.00084504963)
(6.9203363 -2.6336286e-05 -0.00083268583)
(6.9098892 -3.221054e-05 -0.00082050589)
(6.8996496 -3.8294039e-05 -0.00080863832)
(6.8896114 -4.4177142e-05 -0.00079690274)
(6.8797711 -5.0136228e-05 -0.00078544134)
(6.8701225 -5.5995156e-05 -0.00077414891)
(6.8606624 -6.1680089e-05 -0.00076301282)
(6.8513852 -6.7471892e-05 -0.00075212158)
(6.8422873 -7.2866605e-05 -0.00074127312)
(6.8333645 -7.846638e-05 -0.00073067224)
(6.8246136 -8.363404e-05 -0.00072005593)
(6.816031 -8.8994719e-05 -0.00070964203)
(6.8076125 -9.3994938e-05 -0.0006992226)
(6.7993569 -9.9004233e-05 -0.00068883016)
(6.7912611 -0.00010385362 -0.00067846485)
(6.7833231 -0.00010859737 -0.00066797772)
(6.7755436 -0.00011316299 -0.00065749034)
(6.7679104 -0.00011800537 -0.00064685195)
(6.7604579 -0.00012115512 -0.00063578068)
(6.7530715 -0.00013009658 -0.00062712856)
(6.7461369 -0.00011825489 -0.00059715878)
(6.738664 -0.00023537738 -0.00071516165)
(6.7289125 -4.0846329e-05 -0.00052417413)
(7.1371612 -0.00091690668 -0.00049032242)
(7.1341798 -0.0012485308 -0.00091796233)
(7.1320927 -0.0012467226 -0.0010401987)
(7.1278329 -0.0012138712 -0.0010536513)
(7.1227394 -0.0011800173 -0.0010393989)
(7.1179881 -0.0011518977 -0.0010216829)
(7.11352 -0.0011300728 -0.001005013)
(7.1090076 -0.0011135567 -0.00098951618)
(7.1043844 -0.0011006062 -0.00097450757)
(7.0997212 -0.001090427 -0.00095981383)
(7.0950496 -0.0010824081 -0.00094538625)
(7.0903605 -0.0010757759 -0.00093111935)
(7.0856395 -0.0010705894 -0.00091720774)
(7.0808865 -0.0010659936 -0.00090342364)
(7.0761039 -0.0010622927 -0.00089000334)
(7.0712908 -0.0010588759 -0.00087675532)
(7.0664478 -0.0010558527 -0.00086379623)
(7.061572 -0.0010530751 -0.0008510939)
(7.056665 -0.0010502826 -0.00083857775)
(7.0517252 -0.0010477367 -0.00082637632)
(7.0467525 -0.0010449999 -0.00081431689)
(7.0417467 -0.0010423528 -0.00080253882)
(7.0367058 -0.0010395763 -0.00079093866)
(7.0316308 -0.0010365904 -0.00077950381)
(7.026519 -0.0010336345 -0.00076831524)
(7.0213706 -0.0010301877 -0.00075717681)
(7.0161838 -0.0010267753 -0.00074627727)
(7.0109575 -0.0010227537 -0.00073536272)
(7.0056907 -0.0010186585 -0.00072462915)
(7.0003801 -0.0010139502 -0.00071387832)
(6.9950258 -0.0010088095 -0.00070311988)
(6.9896249 -0.0010031581 -0.00069236107)
(6.9841757 -0.00099678565 -0.00068142797)
(6.978678 -0.00098984397 -0.00067045374)
(6.9731226 -0.0009822361 -0.0006592462)
(6.9675276 -0.00097303996 -0.00064757574)
(6.9618481 -0.000967622 -0.00063822048)
(6.9561515 -0.00093468763 -0.00060724953)
(6.9508691 -0.0011417843 -0.00072261859)
(6.9416556 -0.00077035016 -0.00053576537)
(7.1193286 -0.00064760877 -0.00048934721)
(7.0808579 -0.0011032804 -0.00091361835)
(7.0436374 -0.0012815432 -0.0010325749)
(7.0045863 -0.0013777439 -0.0010432606)
(6.965109 -0.0014370492 -0.0010267786)
(6.9264215 -0.0014759212 -0.001007271)
(6.8884616 -0.0015008925 -0.00098912673)
(6.8508879 -0.0015153777 -0.00097238263)
(6.8136303 -0.0015213961 -0.00095627685)
(6.7767568 -0.0015208675 -0.00094058827)
(6.7403007 -0.0015153254 -0.0009252334)
(6.7042453 -0.0015058231 -0.00091007269)
(6.6685753 -0.0014935272 -0.00089529092)
(6.6332861 -0.0014788635 -0.00088063007)
(6.5983759 -0.001462681 -0.00086633051)
(6.5638445 -0.0014451774 -0.00085218029)
(6.5296838 -0.001426826 -0.00083829953)
(6.4958944 -0.0014078578 -0.00082465208)
(6.4624686 -0.0013883738 -0.00081116027)
(6.429408 -0.0013686999 -0.00079796547)
(6.3967055 -0.0013487297 -0.00078488115)
(6.3643615 -0.0013287239 -0.00077206347)
(6.3323718 -0.0013086211 -0.00075940369)
(6.3007356 -0.0012884295 -0.00074689308)
(6.2694513 -0.0012682982 -0.00073462948)
(6.238518 -0.0012479539 -0.00072240291)
(6.2079373 -0.0012276643 -0.00071043429)
(6.1777109 -0.0012070592 -0.00069845352)
(6.1478412 -0.0011863986 -0.00068669269)
(6.1183321 -0.0011653613 -0.00067494952)
(6.0891911 -0.001143958 -0.00066324597)
(6.0604251 -0.0011221397 -0.00065162236)
(6.0320442 -0.0010996603 -0.00063988967)
(6.0040618 -0.0010766769 -0.00062824009)
(5.9764786 -0.0010527904 -0.00061646112)
(5.9493483 -0.0010282411 -0.00060438011)
(5.9225658 -0.0010041615 -0.0005945981)
(5.8964899 -0.00096234572 -0.00056523715)
(5.8706551 -0.0011037561 -0.00066690956)
(5.8333387 -0.00080397776 -0.00049875893)
)
;

boundaryField
{
    inlet
    {
        type            fixedValue;
        value           uniform (7.1428571 0 0);
    }
    outlet
    {
        type            zeroGradient;
    }
    walls
    {
        type            noSlip;
    }
}


// ************************************************************************* //
