/*--------------------------------*- C++ -*----------------------------------*\
  =========                 |
  \\      /  F ield         | OpenFOAM: The Open Source CFD Toolbox
   \\    /   O peration     | Website:  https://openfoam.org
    \\  /    A nd           | Version:  14
     \\/     M anipulation  |
\*---------------------------------------------------------------------------*/
FoamFile
{
    format      ascii;
    class       faceList;
    location    "constant/polyMesh";
    object      faces;
}
// * * * * * * * * * * * * * * * * * * * * * * * * * * * * * * * * * * * * * //


4352
(
4(1 42 411 370)
4(41 410 411 42)
4(369 370 411 410)
4(2 43 412 371)
4(42 411 412 43)
4(370 371 412 411)
4(3 44 413 372)
4(43 412 413 44)
4(371 372 413 412)
4(4 45 414 373)
4(44 413 414 45)
4(372 373 414 413)
4(5 46 415 374)
4(45 414 415 46)
4(373 374 415 414)
4(6 47 416 375)
4(46 415 416 47)
4(374 375 416 415)
4(7 48 417 376)
4(47 416 417 48)
4(375 376 417 416)
4(8 49 418 377)
4(48 417 418 49)
4(376 377 418 417)
4(9 50 419 378)
4(49 418 419 50)
4(377 378 419 418)
4(10 51 420 379)
4(50 419 420 51)
4(378 379 420 419)
4(11 52 421 380)
4(51 420 421 52)
4(379 380 421 420)
4(12 53 422 381)
4(52 421 422 53)
4(380 381 422 421)
4(13 54 423 382)
4(53 422 423 54)
4(381 382 423 422)
4(14 55 424 383)
4(54 423 424 55)
4(382 383 424 423)
4(15 56 425 384)
4(55 424 425 56)
4(383 384 425 424)
4(16 57 426 385)
4(56 425 426 57)
4(384 385 426 425)
4(17 58 427 386)
4(57 426 427 58)
4(385 386 427 426)
4(18 59 428 387)
4(58 427 428 59)
4(386 387 428 427)
4(19 60 429 388)
4(59 428 429 60)
4(387 388 429 428)
4(20 61 430 389)
4(60 429 430 61)
4(388 389 430 429)
4(21 62 431 390)
4(61 430 431 62)
4(389 390 431 430)
4(22 63 432 391)
4(62 431 432 63)
4(390 391 432 431)
4(23 64 433 392)
4(63 432 433 64)
4(391 392 433 432)
4(24 65 434 393)
4(64 433 434 65)
4(392 393 434 433)
4(25 66 435 394)
4(65 434 435 66)
4(393 394 435 434)
4(26 67 436 395)
4(66 435 436 67)
4(394 395 436 435)
4(27 68 437 396)
4(67 436 437 68)
4(395 396 437 436)
4(28 69 438 397)
4(68 437 438 69)
4(396 397 438 437)
4(29 70 439 398)
4(69 438 439 70)
4(397 398 439 438)
4(30 71 440 399)
4(70 439 440 71)
4(398 399 440 439)
4(31 72 441 400)
4(71 440 441 72)
4(399 400 441 440)
4(32 73 442 401)
4(72 441 442 73)
4(400 401 442 441)
4(33 74 443 402)
4(73 442 443 74)
4(401 402 443 442)
4(34 75 444 403)
4(74 443 444 75)
4(402 403 444 443)
4(35 76 445 404)
4(75 444 445 76)
4(403 404 445 444)
4(36 77 446 405)
4(76 445 446 77)
4(404 405 446 445)
4(37 78 447 406)
4(77 446 447 78)
4(405 406 447 446)
4(38 79 448 407)
4(78 447 448 79)
4(406 407 448 447)
4(39 80 449 408)
4(79 448 449 80)
4(407 408 449 448)
4(80 449 450 81)
4(408 409 450 449)
4(42 83 452 411)
4(82 451 452 83)
4(410 411 452 451)
4(43 84 453 412)
4(83 452 453 84)
4(411 412 453 452)
4(44 85 454 413)
4(84 453 454 85)
4(412 413 454 453)
4(45 86 455 414)
4(85 454 455 86)
4(413 414 455 454)
4(46 87 456 415)
4(86 455 456 87)
4(414 415 456 455)
4(47 88 457 416)
4(87 456 457 88)
4(415 416 457 456)
4(48 89 458 417)
4(88 457 458 89)
4(416 417 458 457)
4(49 90 459 418)
4(89 458 459 90)
4(417 418 459 458)
4(50 91 460 419)
4(90 459 460 91)
4(418 419 460 459)
4(51 92 461 420)
4(91 460 461 92)
4(419 420 461 460)
4(52 93 462 421)
4(92 461 462 93)
4(420 421 462 461)
4(53 94 463 422)
4(93 462 463 94)
4(421 422 463 462)
4(54 95 464 423)
4(94 463 464 95)
4(422 423 464 463)
4(55 96 465 424)
4(95 464 465 96)
4(423 424 465 464)
4(56 97 466 425)
4(96 465 466 97)
4(424 425 466 465)
4(57 98 467 426)
4(97 466 467 98)
4(425 426 467 466)
4(58 99 468 427)
4(98 467 468 99)
4(426 427 468 467)
4(59 100 469 428)
4(99 468 469 100)
4(427 428 469 468)
4(60 101 470 429)
4(100 469 470 101)
4(428 429 470 469)
4(61 102 471 430)
4(101 470 471 102)
4(429 430 471 470)
4(62 103 472 431)
4(102 471 472 103)
4(430 431 472 471)
4(63 104 473 432)
4(103 472 473 104)
4(431 432 473 472)
4(64 105 474 433)
4(104 473 474 105)
4(432 433 474 473)
4(65 106 475 434)
4(105 474 475 106)
4(433 434 475 474)
4(66 107 476 435)
4(106 475 476 107)
4(434 435 476 475)
4(67 108 477 436)
4(107 476 477 108)
4(435 436 477 476)
4(68 109 478 437)
4(108 477 478 109)
4(436 437 478 477)
4(69 110 479 438)
4(109 478 479 110)
4(437 438 479 478)
4(70 111 480 439)
4(110 479 480 111)
4(438 439 480 479)
4(71 112 481 440)
4(111 480 481 112)
4(439 440 481 480)
4(72 113 482 441)
4(112 481 482 113)
4(440 441 482 481)
4(73 114 483 442)
4(113 482 483 114)
4(441 442 483 482)
4(74 115 484 443)
4(114 483 484 115)
4(442 443 484 483)
4(75 116 485 444)
4(115 484 485 116)
4(443 444 485 484)
4(76 117 486 445)
4(116 485 486 117)
4(444 445 486 485)
4(77 118 487 446)
4(117 486 487 118)
4(445 446 487 486)
4(78 119 488 447)
4(118 487 488 119)
4(446 447 488 487)
4(79 120 489 448)
4(119 488 489 120)
4(447 448 489 488)
4(80 121 490 449)
4(120 489 490 121)
4(448 449 490 489)
4(121 490 491 122)
4(449 450 491 490)
4(83 124 493 452)
4(123 492 493 124)
4(451 452 493 492)
4(84 125 494 453)
4(124 493 494 125)
4(452 453 494 493)
4(85 126 495 454)
4(125 494 495 126)
4(453 454 495 494)
4(86 127 496 455)
4(126 495 496 127)
4(454 455 496 495)
4(87 128 497 456)
4(127 496 497 128)
4(455 456 497 496)
4(88 129 498 457)
4(128 497 498 129)
4(456 457 498 497)
4(89 130 499 458)
4(129 498 499 130)
4(457 458 499 498)
4(90 131 500 459)
4(130 499 500 131)
4(458 459 500 499)
4(91 132 501 460)
4(131 500 501 132)
4(459 460 501 500)
4(92 133 502 461)
4(132 501 502 133)
4(460 461 502 501)
4(93 134 503 462)
4(133 502 503 134)
4(461 462 503 502)
4(94 135 504 463)
4(134 503 504 135)
4(462 463 504 503)
4(95 136 505 464)
4(135 504 505 136)
4(463 464 505 504)
4(96 137 506 465)
4(136 505 506 137)
4(464 465 506 505)
4(97 138 507 466)
4(137 506 507 138)
4(465 466 507 506)
4(98 139 508 467)
4(138 507 508 139)
4(466 467 508 507)
4(99 140 509 468)
4(139 508 509 140)
4(467 468 509 508)
4(100 141 510 469)
4(140 509 510 141)
4(468 469 510 509)
4(101 142 511 470)
4(141 510 511 142)
4(469 470 511 510)
4(102 143 512 471)
4(142 511 512 143)
4(470 471 512 511)
4(103 144 513 472)
4(143 512 513 144)
4(471 472 513 512)
4(104 145 514 473)
4(144 513 514 145)
4(472 473 514 513)
4(105 146 515 474)
4(145 514 515 146)
4(473 474 515 514)
4(106 147 516 475)
4(146 515 516 147)
4(474 475 516 515)
4(107 148 517 476)
4(147 516 517 148)
4(475 476 517 516)
4(108 149 518 477)
4(148 517 518 149)
4(476 477 518 517)
4(109 150 519 478)
4(149 518 519 150)
4(477 478 519 518)
4(110 151 520 479)
4(150 519 520 151)
4(478 479 520 519)
4(111 152 521 480)
4(151 520 521 152)
4(479 480 521 520)
4(112 153 522 481)
4(152 521 522 153)
4(480 481 522 521)
4(113 154 523 482)
4(153 522 523 154)
4(481 482 523 522)
4(114 155 524 483)
4(154 523 524 155)
4(482 483 524 523)
4(115 156 525 484)
4(155 524 525 156)
4(483 484 525 524)
4(116 157 526 485)
4(156 525 526 157)
4(484 485 526 525)
4(117 158 527 486)
4(157 526 527 158)
4(485 486 527 526)
4(118 159 528 487)
4(158 527 528 159)
4(486 487 528 527)
4(119 160 529 488)
4(159 528 529 160)
4(487 488 529 528)
4(120 161 530 489)
4(160 529 530 161)
4(488 489 530 529)
4(121 162 531 490)
4(161 530 531 162)
4(489 490 531 530)
4(162 531 532 163)
4(490 491 532 531)
4(124 165 534 493)
4(164 533 534 165)
4(492 493 534 533)
4(125 166 535 494)
4(165 534 535 166)
4(493 494 535 534)
4(126 167 536 495)
4(166 535 536 167)
4(494 495 536 535)
4(127 168 537 496)
4(167 536 537 168)
4(495 496 537 536)
4(128 169 538 497)
4(168 537 538 169)
4(496 497 538 537)
4(129 170 539 498)
4(169 538 539 170)
4(497 498 539 538)
4(130 171 540 499)
4(170 539 540 171)
4(498 499 540 539)
4(131 172 541 500)
4(171 540 541 172)
4(499 500 541 540)
4(132 173 542 501)
4(172 541 542 173)
4(500 501 542 541)
4(133 174 543 502)
4(173 542 543 174)
4(501 502 543 542)
4(134 175 544 503)
4(174 543 544 175)
4(502 503 544 543)
4(135 176 545 504)
4(175 544 545 176)
4(503 504 545 544)
4(136 177 546 505)
4(176 545 546 177)
4(504 505 546 545)
4(137 178 547 506)
4(177 546 547 178)
4(505 506 547 546)
4(138 179 548 507)
4(178 547 548 179)
4(506 507 548 547)
4(139 180 549 508)
4(179 548 549 180)
4(507 508 549 548)
4(140 181 550 509)
4(180 549 550 181)
4(508 509 550 549)
4(141 182 551 510)
4(181 550 551 182)
4(509 510 551 550)
4(142 183 552 511)
4(182 551 552 183)
4(510 511 552 551)
4(143 184 553 512)
4(183 552 553 184)
4(511 512 553 552)
4(144 185 554 513)
4(184 553 554 185)
4(512 513 554 553)
4(145 186 555 514)
4(185 554 555 186)
4(513 514 555 554)
4(146 187 556 515)
4(186 555 556 187)
4(514 515 556 555)
4(147 188 557 516)
4(187 556 557 188)
4(515 516 557 556)
4(148 189 558 517)
4(188 557 558 189)
4(516 517 558 557)
4(149 190 559 518)
4(189 558 559 190)
4(517 518 559 558)
4(150 191 560 519)
4(190 559 560 191)
4(518 519 560 559)
4(151 192 561 520)
4(191 560 561 192)
4(519 520 561 560)
4(152 193 562 521)
4(192 561 562 193)
4(520 521 562 561)
4(153 194 563 522)
4(193 562 563 194)
4(521 522 563 562)
4(154 195 564 523)
4(194 563 564 195)
4(522 523 564 563)
4(155 196 565 524)
4(195 564 565 196)
4(523 524 565 564)
4(156 197 566 525)
4(196 565 566 197)
4(524 525 566 565)
4(157 198 567 526)
4(197 566 567 198)
4(525 526 567 566)
4(158 199 568 527)
4(198 567 568 199)
4(526 527 568 567)
4(159 200 569 528)
4(199 568 569 200)
4(527 528 569 568)
4(160 201 570 529)
4(200 569 570 201)
4(528 529 570 569)
4(161 202 571 530)
4(201 570 571 202)
4(529 530 571 570)
4(162 203 572 531)
4(202 571 572 203)
4(530 531 572 571)
4(203 572 573 204)
4(531 532 573 572)
4(165 206 575 534)
4(205 574 575 206)
4(533 534 575 574)
4(166 207 576 535)
4(206 575 576 207)
4(534 535 576 575)
4(167 208 577 536)
4(207 576 577 208)
4(535 536 577 576)
4(168 209 578 537)
4(208 577 578 209)
4(536 537 578 577)
4(169 210 579 538)
4(209 578 579 210)
4(537 538 579 578)
4(170 211 580 539)
4(210 579 580 211)
4(538 539 580 579)
4(171 212 581 540)
4(211 580 581 212)
4(539 540 581 580)
4(172 213 582 541)
4(212 581 582 213)
4(540 541 582 581)
4(173 214 583 542)
4(213 582 583 214)
4(541 542 583 582)
4(174 215 584 543)
4(214 583 584 215)
4(542 543 584 583)
4(175 216 585 544)
4(215 584 585 216)
4(543 544 585 584)
4(176 217 586 545)
4(216 585 586 217)
4(544 545 586 585)
4(177 218 587 546)
4(217 586 587 218)
4(545 546 587 586)
4(178 219 588 547)
4(218 587 588 219)
4(546 547 588 587)
4(179 220 589 548)
4(219 588 589 220)
4(547 548 589 588)
4(180 221 590 549)
4(220 589 590 221)
4(548 549 590 589)
4(181 222 591 550)
4(221 590 591 222)
4(549 550 591 590)
4(182 223 592 551)
4(222 591 592 223)
4(550 551 592 591)
4(183 224 593 552)
4(223 592 593 224)
4(551 552 593 592)
4(184 225 594 553)
4(224 593 594 225)
4(552 553 594 593)
4(185 226 595 554)
4(225 594 595 226)
4(553 554 595 594)
4(186 227 596 555)
4(226 595 596 227)
4(554 555 596 595)
4(187 228 597 556)
4(227 596 597 228)
4(555 556 597 596)
4(188 229 598 557)
4(228 597 598 229)
4(556 557 598 597)
4(189 230 599 558)
4(229 598 599 230)
4(557 558 599 598)
4(190 231 600 559)
4(230 599 600 231)
4(558 559 600 599)
4(191 232 601 560)
4(231 600 601 232)
4(559 560 601 600)
4(192 233 602 561)
4(232 601 602 233)
4(560 561 602 601)
4(193 234 603 562)
4(233 602 603 234)
4(561 562 603 602)
4(194 235 604 563)
4(234 603 604 235)
4(562 563 604 603)
4(195 236 605 564)
4(235 604 605 236)
4(563 564 605 604)
4(196 237 606 565)
4(236 605 606 237)
4(564 565 606 605)
4(197 238 607 566)
4(237 606 607 238)
4(565 566 607 606)
4(198 239 608 567)
4(238 607 608 239)
4(566 567 608 607)
4(199 240 609 568)
4(239 608 609 240)
4(567 568 609 608)
4(200 241 610 569)
4(240 609 610 241)
4(568 569 610 609)
4(201 242 611 570)
4(241 610 611 242)
4(569 570 611 610)
4(202 243 612 571)
4(242 611 612 243)
4(570 571 612 611)
4(203 244 613 572)
4(243 612 613 244)
4(571 572 613 612)
4(244 613 614 245)
4(572 573 614 613)
4(206 247 616 575)
4(246 615 616 247)
4(574 575 616 615)
4(207 248 617 576)
4(247 616 617 248)
4(575 576 617 616)
4(208 249 618 577)
4(248 617 618 249)
4(576 577 618 617)
4(209 250 619 578)
4(249 618 619 250)
4(577 578 619 618)
4(210 251 620 579)
4(250 619 620 251)
4(578 579 620 619)
4(211 252 621 580)
4(251 620 621 252)
4(579 580 621 620)
4(212 253 622 581)
4(252 621 622 253)
4(580 581 622 621)
4(213 254 623 582)
4(253 622 623 254)
4(581 582 623 622)
4(214 255 624 583)
4(254 623 624 255)
4(582 583 624 623)
4(215 256 625 584)
4(255 624 625 256)
4(583 584 625 624)
4(216 257 626 585)
4(256 625 626 257)
4(584 585 626 625)
4(217 258 627 586)
4(257 626 627 258)
4(585 586 627 626)
4(218 259 628 587)
4(258 627 628 259)
4(586 587 628 627)
4(219 260 629 588)
4(259 628 629 260)
4(587 588 629 628)
4(220 261 630 589)
4(260 629 630 261)
4(588 589 630 629)
4(221 262 631 590)
4(261 630 631 262)
4(589 590 631 630)
4(222 263 632 591)
4(262 631 632 263)
4(590 591 632 631)
4(223 264 633 592)
4(263 632 633 264)
4(591 592 633 632)
4(224 265 634 593)
4(264 633 634 265)
4(592 593 634 633)
4(225 266 635 594)
4(265 634 635 266)
4(593 594 635 634)
4(226 267 636 595)
4(266 635 636 267)
4(594 595 636 635)
4(227 268 637 596)
4(267 636 637 268)
4(595 596 637 636)
4(228 269 638 597)
4(268 637 638 269)
4(596 597 638 637)
4(229 270 639 598)
4(269 638 639 270)
4(597 598 639 638)
4(230 271 640 599)
4(270 639 640 271)
4(598 599 640 639)
4(231 272 641 600)
4(271 640 641 272)
4(599 600 641 640)
4(232 273 642 601)
4(272 641 642 273)
4(600 601 642 641)
4(233 274 643 602)
4(273 642 643 274)
4(601 602 643 642)
4(234 275 644 603)
4(274 643 644 275)
4(602 603 644 643)
4(235 276 645 604)
4(275 644 645 276)
4(603 604 645 644)
4(236 277 646 605)
4(276 645 646 277)
4(604 605 646 645)
4(237 278 647 606)
4(277 646 647 278)
4(605 606 647 646)
4(238 279 648 607)
4(278 647 648 279)
4(606 607 648 647)
4(239 280 649 608)
4(279 648 649 280)
4(607 608 649 648)
4(240 281 650 609)
4(280 649 650 281)
4(608 609 650 649)
4(241 282 651 610)
4(281 650 651 282)
4(609 610 651 650)
4(242 283 652 611)
4(282 651 652 283)
4(610 611 652 651)
4(243 284 653 612)
4(283 652 653 284)
4(611 612 653 652)
4(244 285 654 613)
4(284 653 654 285)
4(612 613 654 653)
4(285 654 655 286)
4(613 614 655 654)
4(247 288 657 616)
4(287 656 657 288)
4(615 616 657 656)
4(248 289 658 617)
4(288 657 658 289)
4(616 617 658 657)
4(249 290 659 618)
4(289 658 659 290)
4(617 618 659 658)
4(250 291 660 619)
4(290 659 660 291)
4(618 619 660 659)
4(251 292 661 620)
4(291 660 661 292)
4(619 620 661 660)
4(252 293 662 621)
4(292 661 662 293)
4(620 621 662 661)
4(253 294 663 622)
4(293 662 663 294)
4(621 622 663 662)
4(254 295 664 623)
4(294 663 664 295)
4(622 623 664 663)
4(255 296 665 624)
4(295 664 665 296)
4(623 624 665 664)
4(256 297 666 625)
4(296 665 666 297)
4(624 625 666 665)
4(257 298 667 626)
4(297 666 667 298)
4(625 626 667 666)
4(258 299 668 627)
4(298 667 668 299)
4(626 627 668 667)
4(259 300 669 628)
4(299 668 669 300)
4(627 628 669 668)
4(260 301 670 629)
4(300 669 670 301)
4(628 629 670 669)
4(261 302 671 630)
4(301 670 671 302)
4(629 630 671 670)
4(262 303 672 631)
4(302 671 672 303)
4(630 631 672 671)
4(263 304 673 632)
4(303 672 673 304)
4(631 632 673 672)
4(264 305 674 633)
4(304 673 674 305)
4(632 633 674 673)
4(265 306 675 634)
4(305 674 675 306)
4(633 634 675 674)
4(266 307 676 635)
4(306 675 676 307)
4(634 635 676 675)
4(267 308 677 636)
4(307 676 677 308)
4(635 636 677 676)
4(268 309 678 637)
4(308 677 678 309)
4(636 637 678 677)
4(269 310 679 638)
4(309 678 679 310)
4(637 638 679 678)
4(270 311 680 639)
4(310 679 680 311)
4(638 639 680 679)
4(271 312 681 640)
4(311 680 681 312)
4(639 640 681 680)
4(272 313 682 641)
4(312 681 682 313)
4(640 641 682 681)
4(273 314 683 642)
4(313 682 683 314)
4(641 642 683 682)
4(274 315 684 643)
4(314 683 684 315)
4(642 643 684 683)
4(275 316 685 644)
4(315 684 685 316)
4(643 644 685 684)
4(276 317 686 645)
4(316 685 686 317)
4(644 645 686 685)
4(277 318 687 646)
4(317 686 687 318)
4(645 646 687 686)
4(278 319 688 647)
4(318 687 688 319)
4(646 647 688 687)
4(279 320 689 648)
4(319 688 689 320)
4(647 648 689 688)
4(280 321 690 649)
4(320 689 690 321)
4(648 649 690 689)
4(281 322 691 650)
4(321 690 691 322)
4(649 650 691 690)
4(282 323 692 651)
4(322 691 692 323)
4(650 651 692 691)
4(283 324 693 652)
4(323 692 693 324)
4(651 652 693 692)
4(284 325 694 653)
4(324 693 694 325)
4(652 653 694 693)
4(285 326 695 654)
4(325 694 695 326)
4(653 654 695 694)
4(326 695 696 327)
4(654 655 696 695)
4(288 329 698 657)
4(656 657 698 697)
4(289 330 699 658)
4(657 658 699 698)
4(290 331 700 659)
4(658 659 700 699)
4(291 332 701 660)
4(659 660 701 700)
4(292 333 702 661)
4(660 661 702 701)
4(293 334 703 662)
4(661 662 703 702)
4(294 335 704 663)
4(662 663 704 703)
4(295 336 705 664)
4(663 664 705 704)
4(296 337 706 665)
4(664 665 706 705)
4(297 338 707 666)
4(665 666 707 706)
4(298 339 708 667)
4(666 667 708 707)
4(299 340 709 668)
4(667 668 709 708)
4(300 341 710 669)
4(668 669 710 709)
4(301 342 711 670)
4(669 670 711 710)
4(302 343 712 671)
4(670 671 712 711)
4(303 344 713 672)
4(671 672 713 712)
4(304 345 714 673)
4(672 673 714 713)
4(305 346 715 674)
4(673 674 715 714)
4(306 347 716 675)
4(674 675 716 715)
4(307 348 717 676)
4(675 676 717 716)
4(308 349 718 677)
4(676 677 718 717)
4(309 350 719 678)
4(677 678 719 718)
4(310 351 720 679)
4(678 679 720 719)
4(311 352 721 680)
4(679 680 721 720)
4(312 353 722 681)
4(680 681 722 721)
4(313 354 723 682)
4(681 682 723 722)
4(314 355 724 683)
4(682 683 724 723)
4(315 356 725 684)
4(683 684 725 724)
4(316 357 726 685)
4(684 685 726 725)
4(317 358 727 686)
4(685 686 727 726)
4(318 359 728 687)
4(686 687 728 727)
4(319 360 729 688)
4(687 688 729 728)
4(320 361 730 689)
4(688 689 730 729)
4(321 362 731 690)
4(689 690 731 730)
4(322 363 732 691)
4(690 691 732 731)
4(323 364 733 692)
4(691 692 733 732)
4(324 365 734 693)
4(692 693 734 733)
4(325 366 735 694)
4(693 694 735 734)
4(326 367 736 695)
4(694 695 736 735)
4(695 696 737 736)
4(370 411 780 739)
4(410 779 780 411)
4(738 739 780 779)
4(371 412 781 740)
4(411 780 781 412)
4(739 740 781 780)
4(372 413 782 741)
4(412 781 782 413)
4(740 741 782 781)
4(373 414 783 742)
4(413 782 783 414)
4(741 742 783 782)
4(374 415 784 743)
4(414 783 784 415)
4(742 743 784 783)
4(375 416 785 744)
4(415 784 785 416)
4(743 744 785 784)
4(376 417 786 745)
4(416 785 786 417)
4(744 745 786 785)
4(377 418 787 746)
4(417 786 787 418)
4(745 746 787 786)
4(378 419 788 747)
4(418 787 788 419)
4(746 747 788 787)
4(379 420 789 748)
4(419 788 789 420)
4(747 748 789 788)
4(380 421 790 749)
4(420 789 790 421)
4(748 749 790 789)
4(381 422 791 750)
4(421 790 791 422)
4(749 750 791 790)
4(382 423 792 751)
4(422 791 792 423)
4(750 751 792 791)
4(383 424 793 752)
4(423 792 793 424)
4(751 752 793 792)
4(384 425 794 753)
4(424 793 794 425)
4(752 753 794 793)
4(385 426 795 754)
4(425 794 795 426)
4(753 754 795 794)
4(386 427 796 755)
4(426 795 796 427)
4(754 755 796 795)
4(387 428 797 756)
4(427 796 797 428)
4(755 756 797 796)
4(388 429 798 757)
4(428 797 798 429)
4(756 757 798 797)
4(389 430 799 758)
4(429 798 799 430)
4(757 758 799 798)
4(390 431 800 759)
4(430 799 800 431)
4(758 759 800 799)
4(391 432 801 760)
4(431 800 801 432)
4(759 760 801 800)
4(392 433 802 761)
4(432 801 802 433)
4(760 761 802 801)
4(393 434 803 762)
4(433 802 803 434)
4(761 762 803 802)
4(394 435 804 763)
4(434 803 804 435)
4(762 763 804 803)
4(395 436 805 764)
4(435 804 805 436)
4(763 764 805 804)
4(396 437 806 765)
4(436 805 806 437)
4(764 765 806 805)
4(397 438 807 766)
4(437 806 807 438)
4(765 766 807 806)
4(398 439 808 767)
4(438 807 808 439)
4(766 767 808 807)
4(399 440 809 768)
4(439 808 809 440)
4(767 768 809 808)
4(400 441 810 769)
4(440 809 810 441)
4(768 769 810 809)
4(401 442 811 770)
4(441 810 811 442)
4(769 770 811 810)
4(402 443 812 771)
4(442 811 812 443)
4(770 771 812 811)
4(403 444 813 772)
4(443 812 813 444)
4(771 772 813 812)
4(404 445 814 773)
4(444 813 814 445)
4(772 773 814 813)
4(405 446 815 774)
4(445 814 815 446)
4(773 774 815 814)
4(406 447 816 775)
4(446 815 816 447)
4(774 775 816 815)
4(407 448 817 776)
4(447 816 817 448)
4(775 776 817 816)
4(408 449 818 777)
4(448 817 818 449)
4(776 777 818 817)
4(449 818 819 450)
4(777 778 819 818)
4(411 452 821 780)
4(451 820 821 452)
4(779 780 821 820)
4(412 453 822 781)
4(452 821 822 453)
4(780 781 822 821)
4(413 454 823 782)
4(453 822 823 454)
4(781 782 823 822)
4(414 455 824 783)
4(454 823 824 455)
4(782 783 824 823)
4(415 456 825 784)
4(455 824 825 456)
4(783 784 825 824)
4(416 457 826 785)
4(456 825 826 457)
4(784 785 826 825)
4(417 458 827 786)
4(457 826 827 458)
4(785 786 827 826)
4(418 459 828 787)
4(458 827 828 459)
4(786 787 828 827)
4(419 460 829 788)
4(459 828 829 460)
4(787 788 829 828)
4(420 461 830 789)
4(460 829 830 461)
4(788 789 830 829)
4(421 462 831 790)
4(461 830 831 462)
4(789 790 831 830)
4(422 463 832 791)
4(462 831 832 463)
4(790 791 832 831)
4(423 464 833 792)
4(463 832 833 464)
4(791 792 833 832)
4(424 465 834 793)
4(464 833 834 465)
4(792 793 834 833)
4(425 466 835 794)
4(465 834 835 466)
4(793 794 835 834)
4(426 467 836 795)
4(466 835 836 467)
4(794 795 836 835)
4(427 468 837 796)
4(467 836 837 468)
4(795 796 837 836)
4(428 469 838 797)
4(468 837 838 469)
4(796 797 838 837)
4(429 470 839 798)
4(469 838 839 470)
4(797 798 839 838)
4(430 471 840 799)
4(470 839 840 471)
4(798 799 840 839)
4(431 472 841 800)
4(471 840 841 472)
4(799 800 841 840)
4(432 473 842 801)
4(472 841 842 473)
4(800 801 842 841)
4(433 474 843 802)
4(473 842 843 474)
4(801 802 843 842)
4(434 475 844 803)
4(474 843 844 475)
4(802 803 844 843)
4(435 476 845 804)
4(475 844 845 476)
4(803 804 845 844)
4(436 477 846 805)
4(476 845 846 477)
4(804 805 846 845)
4(437 478 847 806)
4(477 846 847 478)
4(805 806 847 846)
4(438 479 848 807)
4(478 847 848 479)
4(806 807 848 847)
4(439 480 849 808)
4(479 848 849 480)
4(807 808 849 848)
4(440 481 850 809)
4(480 849 850 481)
4(808 809 850 849)
4(441 482 851 810)
4(481 850 851 482)
4(809 810 851 850)
4(442 483 852 811)
4(482 851 852 483)
4(810 811 852 851)
4(443 484 853 812)
4(483 852 853 484)
4(811 812 853 852)
4(444 485 854 813)
4(484 853 854 485)
4(812 813 854 853)
4(445 486 855 814)
4(485 854 855 486)
4(813 814 855 854)
4(446 487 856 815)
4(486 855 856 487)
4(814 815 856 855)
4(447 488 857 816)
4(487 856 857 488)
4(815 816 857 856)
4(448 489 858 817)
4(488 857 858 489)
4(816 817 858 857)
4(449 490 859 818)
4(489 858 859 490)
4(817 818 859 858)
4(490 859 860 491)
4(818 819 860 859)
4(452 493 862 821)
4(492 861 862 493)
4(820 821 862 861)
4(453 494 863 822)
4(493 862 863 494)
4(821 822 863 862)
4(454 495 864 823)
4(494 863 864 495)
4(822 823 864 863)
4(455 496 865 824)
4(495 864 865 496)
4(823 824 865 864)
4(456 497 866 825)
4(496 865 866 497)
4(824 825 866 865)
4(457 498 867 826)
4(497 866 867 498)
4(825 826 867 866)
4(458 499 868 827)
4(498 867 868 499)
4(826 827 868 867)
4(459 500 869 828)
4(499 868 869 500)
4(827 828 869 868)
4(460 501 870 829)
4(500 869 870 501)
4(828 829 870 869)
4(461 502 871 830)
4(501 870 871 502)
4(829 830 871 870)
4(462 503 872 831)
4(502 871 872 503)
4(830 831 872 871)
4(463 504 873 832)
4(503 872 873 504)
4(831 832 873 872)
4(464 505 874 833)
4(504 873 874 505)
4(832 833 874 873)
4(465 506 875 834)
4(505 874 875 506)
4(833 834 875 874)
4(466 507 876 835)
4(506 875 876 507)
4(834 835 876 875)
4(467 508 877 836)
4(507 876 877 508)
4(835 836 877 876)
4(468 509 878 837)
4(508 877 878 509)
4(836 837 878 877)
4(469 510 879 838)
4(509 878 879 510)
4(837 838 879 878)
4(470 511 880 839)
4(510 879 880 511)
4(838 839 880 879)
4(471 512 881 840)
4(511 880 881 512)
4(839 840 881 880)
4(472 513 882 841)
4(512 881 882 513)
4(840 841 882 881)
4(473 514 883 842)
4(513 882 883 514)
4(841 842 883 882)
4(474 515 884 843)
4(514 883 884 515)
4(842 843 884 883)
4(475 516 885 844)
4(515 884 885 516)
4(843 844 885 884)
4(476 517 886 845)
4(516 885 886 517)
4(844 845 886 885)
4(477 518 887 846)
4(517 886 887 518)
4(845 846 887 886)
4(478 519 888 847)
4(518 887 888 519)
4(846 847 888 887)
4(479 520 889 848)
4(519 888 889 520)
4(847 848 889 888)
4(480 521 890 849)
4(520 889 890 521)
4(848 849 890 889)
4(481 522 891 850)
4(521 890 891 522)
4(849 850 891 890)
4(482 523 892 851)
4(522 891 892 523)
4(850 851 892 891)
4(483 524 893 852)
4(523 892 893 524)
4(851 852 893 892)
4(484 525 894 853)
4(524 893 894 525)
4(852 853 894 893)
4(485 526 895 854)
4(525 894 895 526)
4(853 854 895 894)
4(486 527 896 855)
4(526 895 896 527)
4(854 855 896 895)
4(487 528 897 856)
4(527 896 897 528)
4(855 856 897 896)
4(488 529 898 857)
4(528 897 898 529)
4(856 857 898 897)
4(489 530 899 858)
4(529 898 899 530)
4(857 858 899 898)
4(490 531 900 859)
4(530 899 900 531)
4(858 859 900 899)
4(531 900 901 532)
4(859 860 901 900)
4(493 534 903 862)
4(533 902 903 534)
4(861 862 903 902)
4(494 535 904 863)
4(534 903 904 535)
4(862 863 904 903)
4(495 536 905 864)
4(535 904 905 536)
4(863 864 905 904)
4(496 537 906 865)
4(536 905 906 537)
4(864 865 906 905)
4(497 538 907 866)
4(537 906 907 538)
4(865 866 907 906)
4(498 539 908 867)
4(538 907 908 539)
4(866 867 908 907)
4(499 540 909 868)
4(539 908 909 540)
4(867 868 909 908)
4(500 541 910 869)
4(540 909 910 541)
4(868 869 910 909)
4(501 542 911 870)
4(541 910 911 542)
4(869 870 911 910)
4(502 543 912 871)
4(542 911 912 543)
4(870 871 912 911)
4(503 544 913 872)
4(543 912 913 544)
4(871 872 913 912)
4(504 545 914 873)
4(544 913 914 545)
4(872 873 914 913)
4(505 546 915 874)
4(545 914 915 546)
4(873 874 915 914)
4(506 547 916 875)
4(546 915 916 547)
4(874 875 916 915)
4(507 548 917 876)
4(547 916 917 548)
4(875 876 917 916)
4(508 549 918 877)
4(548 917 918 549)
4(876 877 918 917)
4(509 550 919 878)
4(549 918 919 550)
4(877 878 919 918)
4(510 551 920 879)
4(550 919 920 551)
4(878 879 920 919)
4(511 552 921 880)
4(551 920 921 552)
4(879 880 921 920)
4(512 553 922 881)
4(552 921 922 553)
4(880 881 922 921)
4(513 554 923 882)
4(553 922 923 554)
4(881 882 923 922)
4(514 555 924 883)
4(554 923 924 555)
4(882 883 924 923)
4(515 556 925 884)
4(555 924 925 556)
4(883 884 925 924)
4(516 557 926 885)
4(556 925 926 557)
4(884 885 926 925)
4(517 558 927 886)
4(557 926 927 558)
4(885 886 927 926)
4(518 559 928 887)
4(558 927 928 559)
4(886 887 928 927)
4(519 560 929 888)
4(559 928 929 560)
4(887 888 929 928)
4(520 561 930 889)
4(560 929 930 561)
4(888 889 930 929)
4(521 562 931 890)
4(561 930 931 562)
4(889 890 931 930)
4(522 563 932 891)
4(562 931 932 563)
4(890 891 932 931)
4(523 564 933 892)
4(563 932 933 564)
4(891 892 933 932)
4(524 565 934 893)
4(564 933 934 565)
4(892 893 934 933)
4(525 566 935 894)
4(565 934 935 566)
4(893 894 935 934)
4(526 567 936 895)
4(566 935 936 567)
4(894 895 936 935)
4(527 568 937 896)
4(567 936 937 568)
4(895 896 937 936)
4(528 569 938 897)
4(568 937 938 569)
4(896 897 938 937)
4(529 570 939 898)
4(569 938 939 570)
4(897 898 939 938)
4(530 571 940 899)
4(570 939 940 571)
4(898 899 940 939)
4(531 572 941 900)
4(571 940 941 572)
4(899 900 941 940)
4(572 941 942 573)
4(900 901 942 941)
4(534 575 944 903)
4(574 943 944 575)
4(902 903 944 943)
4(535 576 945 904)
4(575 944 945 576)
4(903 904 945 944)
4(536 577 946 905)
4(576 945 946 577)
4(904 905 946 945)
4(537 578 947 906)
4(577 946 947 578)
4(905 906 947 946)
4(538 579 948 907)
4(578 947 948 579)
4(906 907 948 947)
4(539 580 949 908)
4(579 948 949 580)
4(907 908 949 948)
4(540 581 950 909)
4(580 949 950 581)
4(908 909 950 949)
4(541 582 951 910)
4(581 950 951 582)
4(909 910 951 950)
4(542 583 952 911)
4(582 951 952 583)
4(910 911 952 951)
4(543 584 953 912)
4(583 952 953 584)
4(911 912 953 952)
4(544 585 954 913)
4(584 953 954 585)
4(912 913 954 953)
4(545 586 955 914)
4(585 954 955 586)
4(913 914 955 954)
4(546 587 956 915)
4(586 955 956 587)
4(914 915 956 955)
4(547 588 957 916)
4(587 956 957 588)
4(915 916 957 956)
4(548 589 958 917)
4(588 957 958 589)
4(916 917 958 957)
4(549 590 959 918)
4(589 958 959 590)
4(917 918 959 958)
4(550 591 960 919)
4(590 959 960 591)
4(918 919 960 959)
4(551 592 961 920)
4(591 960 961 592)
4(919 920 961 960)
4(552 593 962 921)
4(592 961 962 593)
4(920 921 962 961)
4(553 594 963 922)
4(593 962 963 594)
4(921 922 963 962)
4(554 595 964 923)
4(594 963 964 595)
4(922 923 964 963)
4(555 596 965 924)
4(595 964 965 596)
4(923 924 965 964)
4(556 597 966 925)
4(596 965 966 597)
4(924 925 966 965)
4(557 598 967 926)
4(597 966 967 598)
4(925 926 967 966)
4(558 599 968 927)
4(598 967 968 599)
4(926 927 968 967)
4(559 600 969 928)
4(599 968 969 600)
4(927 928 969 968)
4(560 601 970 929)
4(600 969 970 601)
4(928 929 970 969)
4(561 602 971 930)
4(601 970 971 602)
4(929 930 971 970)
4(562 603 972 931)
4(602 971 972 603)
4(930 931 972 971)
4(563 604 973 932)
4(603 972 973 604)
4(931 932 973 972)
4(564 605 974 933)
4(604 973 974 605)
4(932 933 974 973)
4(565 606 975 934)
4(605 974 975 606)
4(933 934 975 974)
4(566 607 976 935)
4(606 975 976 607)
4(934 935 976 975)
4(567 608 977 936)
4(607 976 977 608)
4(935 936 977 976)
4(568 609 978 937)
4(608 977 978 609)
4(936 937 978 977)
4(569 610 979 938)
4(609 978 979 610)
4(937 938 979 978)
4(570 611 980 939)
4(610 979 980 611)
4(938 939 980 979)
4(571 612 981 940)
4(611 980 981 612)
4(939 940 981 980)
4(572 613 982 941)
4(612 981 982 613)
4(940 941 982 981)
4(613 982 983 614)
4(941 942 983 982)
4(575 616 985 944)
4(615 984 985 616)
4(943 944 985 984)
4(576 617 986 945)
4(616 985 986 617)
4(944 945 986 985)
4(577 618 987 946)
4(617 986 987 618)
4(945 946 987 986)
4(578 619 988 947)
4(618 987 988 619)
4(946 947 988 987)
4(579 620 989 948)
4(619 988 989 620)
4(947 948 989 988)
4(580 621 990 949)
4(620 989 990 621)
4(948 949 990 989)
4(581 622 991 950)
4(621 990 991 622)
4(949 950 991 990)
4(582 623 992 951)
4(622 991 992 623)
4(950 951 992 991)
4(583 624 993 952)
4(623 992 993 624)
4(951 952 993 992)
4(584 625 994 953)
4(624 993 994 625)
4(952 953 994 993)
4(585 626 995 954)
4(625 994 995 626)
4(953 954 995 994)
4(586 627 996 955)
4(626 995 996 627)
4(954 955 996 995)
4(587 628 997 956)
4(627 996 997 628)
4(955 956 997 996)
4(588 629 998 957)
4(628 997 998 629)
4(956 957 998 997)
4(589 630 999 958)
4(629 998 999 630)
4(957 958 999 998)
4(590 631 1000 959)
4(630 999 1000 631)
4(958 959 1000 999)
4(591 632 1001 960)
4(631 1000 1001 632)
4(959 960 1001 1000)
4(592 633 1002 961)
4(632 1001 1002 633)
4(960 961 1002 1001)
4(593 634 1003 962)
4(633 1002 1003 634)
4(961 962 1003 1002)
4(594 635 1004 963)
4(634 1003 1004 635)
4(962 963 1004 1003)
4(595 636 1005 964)
4(635 1004 1005 636)
4(963 964 1005 1004)
4(596 637 1006 965)
4(636 1005 1006 637)
4(964 965 1006 1005)
4(597 638 1007 966)
4(637 1006 1007 638)
4(965 966 1007 1006)
4(598 639 1008 967)
4(638 1007 1008 639)
4(966 967 1008 1007)
4(599 640 1009 968)
4(639 1008 1009 640)
4(967 968 1009 1008)
4(600 641 1010 969)
4(640 1009 1010 641)
4(968 969 1010 1009)
4(601 642 1011 970)
4(641 1010 1011 642)
4(969 970 1011 1010)
4(602 643 1012 971)
4(642 1011 1012 643)
4(970 971 1012 1011)
4(603 644 1013 972)
4(643 1012 1013 644)
4(971 972 1013 1012)
4(604 645 1014 973)
4(644 1013 1014 645)
4(972 973 1014 1013)
4(605 646 1015 974)
4(645 1014 1015 646)
4(973 974 1015 1014)
4(606 647 1016 975)
4(646 1015 1016 647)
4(974 975 1016 1015)
4(607 648 1017 976)
4(647 1016 1017 648)
4(975 976 1017 1016)
4(608 649 1018 977)
4(648 1017 1018 649)
4(976 977 1018 1017)
4(609 650 1019 978)
4(649 1018 1019 650)
4(977 978 1019 1018)
4(610 651 1020 979)
4(650 1019 1020 651)
4(978 979 1020 1019)
4(611 652 1021 980)
4(651 1020 1021 652)
4(979 980 1021 1020)
4(612 653 1022 981)
4(652 1021 1022 653)
4(980 981 1022 1021)
4(613 654 1023 982)
4(653 1022 1023 654)
4(981 982 1023 1022)
4(654 1023 1024 655)
4(982 983 1024 1023)
4(616 657 1026 985)
4(656 1025 1026 657)
4(984 985 1026 1025)
4(617 658 1027 986)
4(657 1026 1027 658)
4(985 986 1027 1026)
4(618 659 1028 987)
4(658 1027 1028 659)
4(986 987 1028 1027)
4(619 660 1029 988)
4(659 1028 1029 660)
4(987 988 1029 1028)
4(620 661 1030 989)
4(660 1029 1030 661)
4(988 989 1030 1029)
4(621 662 1031 990)
4(661 1030 1031 662)
4(989 990 1031 1030)
4(622 663 1032 991)
4(662 1031 1032 663)
4(990 991 1032 1031)
4(623 664 1033 992)
4(663 1032 1033 664)
4(991 992 1033 1032)
4(624 665 1034 993)
4(664 1033 1034 665)
4(992 993 1034 1033)
4(625 666 1035 994)
4(665 1034 1035 666)
4(993 994 1035 1034)
4(626 667 1036 995)
4(666 1035 1036 667)
4(994 995 1036 1035)
4(627 668 1037 996)
4(667 1036 1037 668)
4(995 996 1037 1036)
4(628 669 1038 997)
4(668 1037 1038 669)
4(996 997 1038 1037)
4(629 670 1039 998)
4(669 1038 1039 670)
4(997 998 1039 1038)
4(630 671 1040 999)
4(670 1039 1040 671)
4(998 999 1040 1039)
4(631 672 1041 1000)
4(671 1040 1041 672)
4(999 1000 1041 1040)
4(632 673 1042 1001)
4(672 1041 1042 673)
4(1000 1001 1042 1041)
4(633 674 1043 1002)
4(673 1042 1043 674)
4(1001 1002 1043 1042)
4(634 675 1044 1003)
4(674 1043 1044 675)
4(1002 1003 1044 1043)
4(635 676 1045 1004)
4(675 1044 1045 676)
4(1003 1004 1045 1044)
4(636 677 1046 1005)
4(676 1045 1046 677)
4(1004 1005 1046 1045)
4(637 678 1047 1006)
4(677 1046 1047 678)
4(1005 1006 1047 1046)
4(638 679 1048 1007)
4(678 1047 1048 679)
4(1006 1007 1048 1047)
4(639 680 1049 1008)
4(679 1048 1049 680)
4(1007 1008 1049 1048)
4(640 681 1050 1009)
4(680 1049 1050 681)
4(1008 1009 1050 1049)
4(641 682 1051 1010)
4(681 1050 1051 682)
4(1009 1010 1051 1050)
4(642 683 1052 1011)
4(682 1051 1052 683)
4(1010 1011 1052 1051)
4(643 684 1053 1012)
4(683 1052 1053 684)
4(1011 1012 1053 1052)
4(644 685 1054 1013)
4(684 1053 1054 685)
4(1012 1013 1054 1053)
4(645 686 1055 1014)
4(685 1054 1055 686)
4(1013 1014 1055 1054)
4(646 687 1056 1015)
4(686 1055 1056 687)
4(1014 1015 1056 1055)
4(647 688 1057 1016)
4(687 1056 1057 688)
4(1015 1016 1057 1056)
4(648 689 1058 1017)
4(688 1057 1058 689)
4(1016 1017 1058 1057)
4(649 690 1059 1018)
4(689 1058 1059 690)
4(1017 1018 1059 1058)
4(650 691 1060 1019)
4(690 1059 1060 691)
4(1018 1019 1060 1059)
4(651 692 1061 1020)
4(691 1060 1061 692)
4(1019 1020 1061 1060)
4(652 693 1062 1021)
4(692 1061 1062 693)
4(1020 1021 1062 1061)
4(653 694 1063 1022)
4(693 1062 1063 694)
4(1021 1022 1063 1062)
4(654 695 1064 1023)
4(694 1063 1064 695)
4(1022 1023 1064 1063)
4(695 1064 1065 696)
4(1023 1024 1065 1064)
4(657 698 1067 1026)
4(1025 1026 1067 1066)
4(658 699 1068 1027)
4(1026 1027 1068 1067)
4(659 700 1069 1028)
4(1027 1028 1069 1068)
4(660 701 1070 1029)
4(1028 1029 1070 1069)
4(661 702 1071 1030)
4(1029 1030 1071 1070)
4(662 703 1072 1031)
4(1030 1031 1072 1071)
4(663 704 1073 1032)
4(1031 1032 1073 1072)
4(664 705 1074 1033)
4(1032 1033 1074 1073)
4(665 706 1075 1034)
4(1033 1034 1075 1074)
4(666 707 1076 1035)
4(1034 1035 1076 1075)
4(667 708 1077 1036)
4(1035 1036 1077 1076)
4(668 709 1078 1037)
4(1036 1037 1078 1077)
4(669 710 1079 1038)
4(1037 1038 1079 1078)
4(670 711 1080 1039)
4(1038 1039 1080 1079)
4(671 712 1081 1040)
4(1039 1040 1081 1080)
4(672 713 1082 1041)
4(1040 1041 1082 1081)
4(673 714 1083 1042)
4(1041 1042 1083 1082)
4(674 715 1084 1043)
4(1042 1043 1084 1083)
4(675 716 1085 1044)
4(1043 1044 1085 1084)
4(676 717 1086 1045)
4(1044 1045 1086 1085)
4(677 718 1087 1046)
4(1045 1046 1087 1086)
4(678 719 1088 1047)
4(1046 1047 1088 1087)
4(679 720 1089 1048)
4(1047 1048 1089 1088)
4(680 721 1090 1049)
4(1048 1049 1090 1089)
4(681 722 1091 1050)
4(1049 1050 1091 1090)
4(682 723 1092 1051)
4(1050 1051 1092 1091)
4(683 724 1093 1052)
4(1051 1052 1093 1092)
4(684 725 1094 1053)
4(1052 1053 1094 1093)
4(685 726 1095 1054)
4(1053 1054 1095 1094)
4(686 727 1096 1055)
4(1054 1055 1096 1095)
4(687 728 1097 1056)
4(1055 1056 1097 1096)
4(688 729 1098 1057)
4(1056 1057 1098 1097)
4(689 730 1099 1058)
4(1057 1058 1099 1098)
4(690 731 1100 1059)
4(1058 1059 1100 1099)
4(691 732 1101 1060)
4(1059 1060 1101 1100)
4(692 733 1102 1061)
4(1060 1061 1102 1101)
4(693 734 1103 1062)
4(1061 1062 1103 1102)
4(694 735 1104 1063)
4(1062 1063 1104 1103)
4(695 736 1105 1064)
4(1063 1064 1105 1104)
4(1064 1065 1106 1105)
4(739 780 1149 1108)
4(779 1148 1149 780)
4(1107 1108 1149 1148)
4(740 781 1150 1109)
4(780 1149 1150 781)
4(1108 1109 1150 1149)
4(741 782 1151 1110)
4(781 1150 1151 782)
4(1109 1110 1151 1150)
4(742 783 1152 1111)
4(782 1151 1152 783)
4(1110 1111 1152 1151)
4(743 784 1153 1112)
4(783 1152 1153 784)
4(1111 1112 1153 1152)
4(744 785 1154 1113)
4(784 1153 1154 785)
4(1112 1113 1154 1153)
4(745 786 1155 1114)
4(785 1154 1155 786)
4(1113 1114 1155 1154)
4(746 787 1156 1115)
4(786 1155 1156 787)
4(1114 1115 1156 1155)
4(747 788 1157 1116)
4(787 1156 1157 788)
4(1115 1116 1157 1156)
4(748 789 1158 1117)
4(788 1157 1158 789)
4(1116 1117 1158 1157)
4(749 790 1159 1118)
4(789 1158 1159 790)
4(1117 1118 1159 1158)
4(750 791 1160 1119)
4(790 1159 1160 791)
4(1118 1119 1160 1159)
4(751 792 1161 1120)
4(791 1160 1161 792)
4(1119 1120 1161 1160)
4(752 793 1162 1121)
4(792 1161 1162 793)
4(1120 1121 1162 1161)
4(753 794 1163 1122)
4(793 1162 1163 794)
4(1121 1122 1163 1162)
4(754 795 1164 1123)
4(794 1163 1164 795)
4(1122 1123 1164 1163)
4(755 796 1165 1124)
4(795 1164 1165 796)
4(1123 1124 1165 1164)
4(756 797 1166 1125)
4(796 1165 1166 797)
4(1124 1125 1166 1165)
4(757 798 1167 1126)
4(797 1166 1167 798)
4(1125 1126 1167 1166)
4(758 799 1168 1127)
4(798 1167 1168 799)
4(1126 1127 1168 1167)
4(759 800 1169 1128)
4(799 1168 1169 800)
4(1127 1128 1169 1168)
4(760 801 1170 1129)
4(800 1169 1170 801)
4(1128 1129 1170 1169)
4(761 802 1171 1130)
4(801 1170 1171 802)
4(1129 1130 1171 1170)
4(762 803 1172 1131)
4(802 1171 1172 803)
4(1130 1131 1172 1171)
4(763 804 1173 1132)
4(803 1172 1173 804)
4(1131 1132 1173 1172)
4(764 805 1174 1133)
4(804 1173 1174 805)
4(1132 1133 1174 1173)
4(765 806 1175 1134)
4(805 1174 1175 806)
4(1133 1134 1175 1174)
4(766 807 1176 1135)
4(806 1175 1176 807)
4(1134 1135 1176 1175)
4(767 808 1177 1136)
4(807 1176 1177 808)
4(1135 1136 1177 1176)
4(768 809 1178 1137)
4(808 1177 1178 809)
4(1136 1137 1178 1177)
4(769 810 1179 1138)
4(809 1178 1179 810)
4(1137 1138 1179 1178)
4(770 811 1180 1139)
4(810 1179 1180 811)
4(1138 1139 1180 1179)
4(771 812 1181 1140)
4(811 1180 1181 812)
4(1139 1140 1181 1180)
4(772 813 1182 1141)
4(812 1181 1182 813)
4(1140 1141 1182 1181)
4(773 814 1183 1142)
4(813 1182 1183 814)
4(1141 1142 1183 1182)
4(774 815 1184 1143)
4(814 1183 1184 815)
4(1142 1143 1184 1183)
4(775 816 1185 1144)
4(815 1184 1185 816)
4(1143 1144 1185 1184)
4(776 817 1186 1145)
4(816 1185 1186 817)
4(1144 1145 1186 1185)
4(777 818 1187 1146)
4(817 1186 1187 818)
4(1145 1146 1187 1186)
4(818 1187 1188 819)
4(1146 1147 1188 1187)
4(780 821 1190 1149)
4(820 1189 1190 821)
4(1148 1149 1190 1189)
4(781 822 1191 1150)
4(821 1190 1191 822)
4(1149 1150 1191 1190)
4(782 823 1192 1151)
4(822 1191 1192 823)
4(1150 1151 1192 1191)
4(783 824 1193 1152)
4(823 1192 1193 824)
4(1151 1152 1193 1192)
4(784 825 1194 1153)
4(824 1193 1194 825)
4(1152 1153 1194 1193)
4(785 826 1195 1154)
4(825 1194 1195 826)
4(1153 1154 1195 1194)
4(786 827 1196 1155)
4(826 1195 1196 827)
4(1154 1155 1196 1195)
4(787 828 1197 1156)
4(827 1196 1197 828)
4(1155 1156 1197 1196)
4(788 829 1198 1157)
4(828 1197 1198 829)
4(1156 1157 1198 1197)
4(789 830 1199 1158)
4(829 1198 1199 830)
4(1157 1158 1199 1198)
4(790 831 1200 1159)
4(830 1199 1200 831)
4(1158 1159 1200 1199)
4(791 832 1201 1160)
4(831 1200 1201 832)
4(1159 1160 1201 1200)
4(792 833 1202 1161)
4(832 1201 1202 833)
4(1160 1161 1202 1201)
4(793 834 1203 1162)
4(833 1202 1203 834)
4(1161 1162 1203 1202)
4(794 835 1204 1163)
4(834 1203 1204 835)
4(1162 1163 1204 1203)
4(795 836 1205 1164)
4(835 1204 1205 836)
4(1163 1164 1205 1204)
4(796 837 1206 1165)
4(836 1205 1206 837)
4(1164 1165 1206 1205)
4(797 838 1207 1166)
4(837 1206 1207 838)
4(1165 1166 1207 1206)
4(798 839 1208 1167)
4(838 1207 1208 839)
4(1166 1167 1208 1207)
4(799 840 1209 1168)
4(839 1208 1209 840)
4(1167 1168 1209 1208)
4(800 841 1210 1169)
4(840 1209 1210 841)
4(1168 1169 1210 1209)
4(801 842 1211 1170)
4(841 1210 1211 842)
4(1169 1170 1211 1210)
4(802 843 1212 1171)
4(842 1211 1212 843)
4(1170 1171 1212 1211)
4(803 844 1213 1172)
4(843 1212 1213 844)
4(1171 1172 1213 1212)
4(804 845 1214 1173)
4(844 1213 1214 845)
4(1172 1173 1214 1213)
4(805 846 1215 1174)
4(845 1214 1215 846)
4(1173 1174 1215 1214)
4(806 847 1216 1175)
4(846 1215 1216 847)
4(1174 1175 1216 1215)
4(807 848 1217 1176)
4(847 1216 1217 848)
4(1175 1176 1217 1216)
4(808 849 1218 1177)
4(848 1217 1218 849)
4(1176 1177 1218 1217)
4(809 850 1219 1178)
4(849 1218 1219 850)
4(1177 1178 1219 1218)
4(810 851 1220 1179)
4(850 1219 1220 851)
4(1178 1179 1220 1219)
4(811 852 1221 1180)
4(851 1220 1221 852)
4(1179 1180 1221 1220)
4(812 853 1222 1181)
4(852 1221 1222 853)
4(1180 1181 1222 1221)
4(813 854 1223 1182)
4(853 1222 1223 854)
4(1181 1182 1223 1222)
4(814 855 1224 1183)
4(854 1223 1224 855)
4(1182 1183 1224 1223)
4(815 856 1225 1184)
4(855 1224 1225 856)
4(1183 1184 1225 1224)
4(816 857 1226 1185)
4(856 1225 1226 857)
4(1184 1185 1226 1225)
4(817 858 1227 1186)
4(857 1226 1227 858)
4(1185 1186 1227 1226)
4(818 859 1228 1187)
4(858 1227 1228 859)
4(1186 1187 1228 1227)
4(859 1228 1229 860)
4(1187 1188 1229 1228)
4(821 862 1231 1190)
4(861 1230 1231 862)
4(1189 1190 1231 1230)
4(822 863 1232 1191)
4(862 1231 1232 863)
4(1190 1191 1232 1231)
4(823 864 1233 1192)
4(863 1232 1233 864)
4(1191 1192 1233 1232)
4(824 865 1234 1193)
4(864 1233 1234 865)
4(1192 1193 1234 1233)
4(825 866 1235 1194)
4(865 1234 1235 866)
4(1193 1194 1235 1234)
4(826 867 1236 1195)
4(866 1235 1236 867)
4(1194 1195 1236 1235)
4(827 868 1237 1196)
4(867 1236 1237 868)
4(1195 1196 1237 1236)
4(828 869 1238 1197)
4(868 1237 1238 869)
4(1196 1197 1238 1237)
4(829 870 1239 1198)
4(869 1238 1239 870)
4(1197 1198 1239 1238)
4(830 871 1240 1199)
4(870 1239 1240 871)
4(1198 1199 1240 1239)
4(831 872 1241 1200)
4(871 1240 1241 872)
4(1199 1200 1241 1240)
4(832 873 1242 1201)
4(872 1241 1242 873)
4(1200 1201 1242 1241)
4(833 874 1243 1202)
4(873 1242 1243 874)
4(1201 1202 1243 1242)
4(834 875 1244 1203)
4(874 1243 1244 875)
4(1202 1203 1244 1243)
4(835 876 1245 1204)
4(875 1244 1245 876)
4(1203 1204 1245 1244)
4(836 877 1246 1205)
4(876 1245 1246 877)
4(1204 1205 1246 1245)
4(837 878 1247 1206)
4(877 1246 1247 878)
4(1205 1206 1247 1246)
4(838 879 1248 1207)
4(878 1247 1248 879)
4(1206 1207 1248 1247)
4(839 880 1249 1208)
4(879 1248 1249 880)
4(1207 1208 1249 1248)
4(840 881 1250 1209)
4(880 1249 1250 881)
4(1208 1209 1250 1249)
4(841 882 1251 1210)
4(881 1250 1251 882)
4(1209 1210 1251 1250)
4(842 883 1252 1211)
4(882 1251 1252 883)
4(1210 1211 1252 1251)
4(843 884 1253 1212)
4(883 1252 1253 884)
4(1211 1212 1253 1252)
4(844 885 1254 1213)
4(884 1253 1254 885)
4(1212 1213 1254 1253)
4(845 886 1255 1214)
4(885 1254 1255 886)
4(1213 1214 1255 1254)
4(846 887 1256 1215)
4(886 1255 1256 887)
4(1214 1215 1256 1255)
4(847 888 1257 1216)
4(887 1256 1257 888)
4(1215 1216 1257 1256)
4(848 889 1258 1217)
4(888 1257 1258 889)
4(1216 1217 1258 1257)
4(849 890 1259 1218)
4(889 1258 1259 890)
4(1217 1218 1259 1258)
4(850 891 1260 1219)
4(890 1259 1260 891)
4(1218 1219 1260 1259)
4(851 892 1261 1220)
4(891 1260 1261 892)
4(1219 1220 1261 1260)
4(852 893 1262 1221)
4(892 1261 1262 893)
4(1220 1221 1262 1261)
4(853 894 1263 1222)
4(893 1262 1263 894)
4(1221 1222 1263 1262)
4(854 895 1264 1223)
4(894 1263 1264 895)
4(1222 1223 1264 1263)
4(855 896 1265 1224)
4(895 1264 1265 896)
4(1223 1224 1265 1264)
4(856 897 1266 1225)
4(896 1265 1266 897)
4(1224 1225 1266 1265)
4(857 898 1267 1226)
4(897 1266 1267 898)
4(1225 1226 1267 1266)
4(858 899 1268 1227)
4(898 1267 1268 899)
4(1226 1227 1268 1267)
4(859 900 1269 1228)
4(899 1268 1269 900)
4(1227 1228 1269 1268)
4(900 1269 1270 901)
4(1228 1229 1270 1269)
4(862 903 1272 1231)
4(902 1271 1272 903)
4(1230 1231 1272 1271)
4(863 904 1273 1232)
4(903 1272 1273 904)
4(1231 1232 1273 1272)
4(864 905 1274 1233)
4(904 1273 1274 905)
4(1232 1233 1274 1273)
4(865 906 1275 1234)
4(905 1274 1275 906)
4(1233 1234 1275 1274)
4(866 907 1276 1235)
4(906 1275 1276 907)
4(1234 1235 1276 1275)
4(867 908 1277 1236)
4(907 1276 1277 908)
4(1235 1236 1277 1276)
4(868 909 1278 1237)
4(908 1277 1278 909)
4(1236 1237 1278 1277)
4(869 910 1279 1238)
4(909 1278 1279 910)
4(1237 1238 1279 1278)
4(870 911 1280 1239)
4(910 1279 1280 911)
4(1238 1239 1280 1279)
4(871 912 1281 1240)
4(911 1280 1281 912)
4(1239 1240 1281 1280)
4(872 913 1282 1241)
4(912 1281 1282 913)
4(1240 1241 1282 1281)
4(873 914 1283 1242)
4(913 1282 1283 914)
4(1241 1242 1283 1282)
4(874 915 1284 1243)
4(914 1283 1284 915)
4(1242 1243 1284 1283)
4(875 916 1285 1244)
4(915 1284 1285 916)
4(1243 1244 1285 1284)
4(876 917 1286 1245)
4(916 1285 1286 917)
4(1244 1245 1286 1285)
4(877 918 1287 1246)
4(917 1286 1287 918)
4(1245 1246 1287 1286)
4(878 919 1288 1247)
4(918 1287 1288 919)
4(1246 1247 1288 1287)
4(879 920 1289 1248)
4(919 1288 1289 920)
4(1247 1248 1289 1288)
4(880 921 1290 1249)
4(920 1289 1290 921)
4(1248 1249 1290 1289)
4(881 922 1291 1250)
4(921 1290 1291 922)
4(1249 1250 1291 1290)
4(882 923 1292 1251)
4(922 1291 1292 923)
4(1250 1251 1292 1291)
4(883 924 1293 1252)
4(923 1292 1293 924)
4(1251 1252 1293 1292)
4(884 925 1294 1253)
4(924 1293 1294 925)
4(1252 1253 1294 1293)
4(885 926 1295 1254)
4(925 1294 1295 926)
4(1253 1254 1295 1294)
4(886 927 1296 1255)
4(926 1295 1296 927)
4(1254 1255 1296 1295)
4(887 928 1297 1256)
4(927 1296 1297 928)
4(1255 1256 1297 1296)
4(888 929 1298 1257)
4(928 1297 1298 929)
4(1256 1257 1298 1297)
4(889 930 1299 1258)
4(929 1298 1299 930)
4(1257 1258 1299 1298)
4(890 931 1300 1259)
4(930 1299 1300 931)
4(1258 1259 1300 1299)
4(891 932 1301 1260)
4(931 1300 1301 932)
4(1259 1260 1301 1300)
4(892 933 1302 1261)
4(932 1301 1302 933)
4(1260 1261 1302 1301)
4(893 934 1303 1262)
4(933 1302 1303 934)
4(1261 1262 1303 1302)
4(894 935 1304 1263)
4(934 1303 1304 935)
4(1262 1263 1304 1303)
4(895 936 1305 1264)
4(935 1304 1305 936)
4(1263 1264 1305 1304)
4(896 937 1306 1265)
4(936 1305 1306 937)
4(1264 1265 1306 1305)
4(897 938 1307 1266)
4(937 1306 1307 938)
4(1265 1266 1307 1306)
4(898 939 1308 1267)
4(938 1307 1308 939)
4(1266 1267 1308 1307)
4(899 940 1309 1268)
4(939 1308 1309 940)
4(1267 1268 1309 1308)
4(900 941 1310 1269)
4(940 1309 1310 941)
4(1268 1269 1310 1309)
4(941 1310 1311 942)
4(1269 1270 1311 1310)
4(903 944 1313 1272)
4(943 1312 1313 944)
4(1271 1272 1313 1312)
4(904 945 1314 1273)
4(944 1313 1314 945)
4(1272 1273 1314 1313)
4(905 946 1315 1274)
4(945 1314 1315 946)
4(1273 1274 1315 1314)
4(906 947 1316 1275)
4(946 1315 1316 947)
4(1274 1275 1316 1315)
4(907 948 1317 1276)
4(947 1316 1317 948)
4(1275 1276 1317 1316)
4(908 949 1318 1277)
4(948 1317 1318 949)
4(1276 1277 1318 1317)
4(909 950 1319 1278)
4(949 1318 1319 950)
4(1277 1278 1319 1318)
4(910 951 1320 1279)
4(950 1319 1320 951)
4(1278 1279 1320 1319)
4(911 952 1321 1280)
4(951 1320 1321 952)
4(1279 1280 1321 1320)
4(912 953 1322 1281)
4(952 1321 1322 953)
4(1280 1281 1322 1321)
4(913 954 1323 1282)
4(953 1322 1323 954)
4(1281 1282 1323 1322)
4(914 955 1324 1283)
4(954 1323 1324 955)
4(1282 1283 1324 1323)
4(915 956 1325 1284)
4(955 1324 1325 956)
4(1283 1284 1325 1324)
4(916 957 1326 1285)
4(956 1325 1326 957)
4(1284 1285 1326 1325)
4(917 958 1327 1286)
4(957 1326 1327 958)
4(1285 1286 1327 1326)
4(918 959 1328 1287)
4(958 1327 1328 959)
4(1286 1287 1328 1327)
4(919 960 1329 1288)
4(959 1328 1329 960)
4(1287 1288 1329 1328)
4(920 961 1330 1289)
4(960 1329 1330 961)
4(1288 1289 1330 1329)
4(921 962 1331 1290)
4(961 1330 1331 962)
4(1289 1290 1331 1330)
4(922 963 1332 1291)
4(962 1331 1332 963)
4(1290 1291 1332 1331)
4(923 964 1333 1292)
4(963 1332 1333 964)
4(1291 1292 1333 1332)
4(924 965 1334 1293)
4(964 1333 1334 965)
4(1292 1293 1334 1333)
4(925 966 1335 1294)
4(965 1334 1335 966)
4(1293 1294 1335 1334)
4(926 967 1336 1295)
4(966 1335 1336 967)
4(1294 1295 1336 1335)
4(927 968 1337 1296)
4(967 1336 1337 968)
4(1295 1296 1337 1336)
4(928 969 1338 1297)
4(968 1337 1338 969)
4(1296 1297 1338 1337)
4(929 970 1339 1298)
4(969 1338 1339 970)
4(1297 1298 1339 1338)
4(930 971 1340 1299)
4(970 1339 1340 971)
4(1298 1299 1340 1339)
4(931 972 1341 1300)
4(971 1340 1341 972)
4(1299 1300 1341 1340)
4(932 973 1342 1301)
4(972 1341 1342 973)
4(1300 1301 1342 1341)
4(933 974 1343 1302)
4(973 1342 1343 974)
4(1301 1302 1343 1342)
4(934 975 1344 1303)
4(974 1343 1344 975)
4(1302 1303 1344 1343)
4(935 976 1345 1304)
4(975 1344 1345 976)
4(1303 1304 1345 1344)
4(936 977 1346 1305)
4(976 1345 1346 977)
4(1304 1305 1346 1345)
4(937 978 1347 1306)
4(977 1346 1347 978)
4(1305 1306 1347 1346)
4(938 979 1348 1307)
4(978 1347 1348 979)
4(1306 1307 1348 1347)
4(939 980 1349 1308)
4(979 1348 1349 980)
4(1307 1308 1349 1348)
4(940 981 1350 1309)
4(980 1349 1350 981)
4(1308 1309 1350 1349)
4(941 982 1351 1310)
4(981 1350 1351 982)
4(1309 1310 1351 1350)
4(982 1351 1352 983)
4(1310 1311 1352 1351)
4(944 985 1354 1313)
4(984 1353 1354 985)
4(1312 1313 1354 1353)
4(945 986 1355 1314)
4(985 1354 1355 986)
4(1313 1314 1355 1354)
4(946 987 1356 1315)
4(986 1355 1356 987)
4(1314 1315 1356 1355)
4(947 988 1357 1316)
4(987 1356 1357 988)
4(1315 1316 1357 1356)
4(948 989 1358 1317)
4(988 1357 1358 989)
4(1316 1317 1358 1357)
4(949 990 1359 1318)
4(989 1358 1359 990)
4(1317 1318 1359 1358)
4(950 991 1360 1319)
4(990 1359 1360 991)
4(1318 1319 1360 1359)
4(951 992 1361 1320)
4(991 1360 1361 992)
4(1319 1320 1361 1360)
4(952 993 1362 1321)
4(992 1361 1362 993)
4(1320 1321 1362 1361)
4(953 994 1363 1322)
4(993 1362 1363 994)
4(1321 1322 1363 1362)
4(954 995 1364 1323)
4(994 1363 1364 995)
4(1322 1323 1364 1363)
4(955 996 1365 1324)
4(995 1364 1365 996)
4(1323 1324 1365 1364)
4(956 997 1366 1325)
4(996 1365 1366 997)
4(1324 1325 1366 1365)
4(957 998 1367 1326)
4(997 1366 1367 998)
4(1325 1326 1367 1366)
4(958 999 1368 1327)
4(998 1367 1368 999)
4(1326 1327 1368 1367)
4(959 1000 1369 1328)
4(999 1368 1369 1000)
4(1327 1328 1369 1368)
4(960 1001 1370 1329)
4(1000 1369 1370 1001)
4(1328 1329 1370 1369)
4(961 1002 1371 1330)
4(1001 1370 1371 1002)
4(1329 1330 1371 1370)
4(962 1003 1372 1331)
4(1002 1371 1372 1003)
4(1330 1331 1372 1371)
4(963 1004 1373 1332)
4(1003 1372 1373 1004)
4(1331 1332 1373 1372)
4(964 1005 1374 1333)
4(1004 1373 1374 1005)
4(1332 1333 1374 1373)
4(965 1006 1375 1334)
4(1005 1374 1375 1006)
4(1333 1334 1375 1374)
4(966 1007 1376 1335)
4(1006 1375 1376 1007)
4(1334 1335 1376 1375)
4(967 1008 1377 1336)
4(1007 1376 1377 1008)
4(1335 1336 1377 1376)
4(968 1009 1378 1337)
4(1008 1377 1378 1009)
4(1336 1337 1378 1377)
4(969 1010 1379 1338)
4(1009 1378 1379 1010)
4(1337 1338 1379 1378)
4(970 1011 1380 1339)
4(1010 1379 1380 1011)
4(1338 1339 1380 1379)
4(971 1012 1381 1340)
4(1011 1380 1381 1012)
4(1339 1340 1381 1380)
4(972 1013 1382 1341)
4(1012 1381 1382 1013)
4(1340 1341 1382 1381)
4(973 1014 1383 1342)
4(1013 1382 1383 1014)
4(1341 1342 1383 1382)
4(974 1015 1384 1343)
4(1014 1383 1384 1015)
4(1342 1343 1384 1383)
4(975 1016 1385 1344)
4(1015 1384 1385 1016)
4(1343 1344 1385 1384)
4(976 1017 1386 1345)
4(1016 1385 1386 1017)
4(1344 1345 1386 1385)
4(977 1018 1387 1346)
4(1017 1386 1387 1018)
4(1345 1346 1387 1386)
4(978 1019 1388 1347)
4(1018 1387 1388 1019)
4(1346 1347 1388 1387)
4(979 1020 1389 1348)
4(1019 1388 1389 1020)
4(1347 1348 1389 1388)
4(980 1021 1390 1349)
4(1020 1389 1390 1021)
4(1348 1349 1390 1389)
4(981 1022 1391 1350)
4(1021 1390 1391 1022)
4(1349 1350 1391 1390)
4(982 1023 1392 1351)
4(1022 1391 1392 1023)
4(1350 1351 1392 1391)
4(1023 1392 1393 1024)
4(1351 1352 1393 1392)
4(985 1026 1395 1354)
4(1025 1394 1395 1026)
4(1353 1354 1395 1394)
4(986 1027 1396 1355)
4(1026 1395 1396 1027)
4(1354 1355 1396 1395)
4(987 1028 1397 1356)
4(1027 1396 1397 1028)
4(1355 1356 1397 1396)
4(988 1029 1398 1357)
4(1028 1397 1398 1029)
4(1356 1357 1398 1397)
4(989 1030 1399 1358)
4(1029 1398 1399 1030)
4(1357 1358 1399 1398)
4(990 1031 1400 1359)
4(1030 1399 1400 1031)
4(1358 1359 1400 1399)
4(991 1032 1401 1360)
4(1031 1400 1401 1032)
4(1359 1360 1401 1400)
4(992 1033 1402 1361)
4(1032 1401 1402 1033)
4(1360 1361 1402 1401)
4(993 1034 1403 1362)
4(1033 1402 1403 1034)
4(1361 1362 1403 1402)
4(994 1035 1404 1363)
4(1034 1403 1404 1035)
4(1362 1363 1404 1403)
4(995 1036 1405 1364)
4(1035 1404 1405 1036)
4(1363 1364 1405 1404)
4(996 1037 1406 1365)
4(1036 1405 1406 1037)
4(1364 1365 1406 1405)
4(997 1038 1407 1366)
4(1037 1406 1407 1038)
4(1365 1366 1407 1406)
4(998 1039 1408 1367)
4(1038 1407 1408 1039)
4(1366 1367 1408 1407)
4(999 1040 1409 1368)
4(1039 1408 1409 1040)
4(1367 1368 1409 1408)
4(1000 1041 1410 1369)
4(1040 1409 1410 1041)
4(1368 1369 1410 1409)
4(1001 1042 1411 1370)
4(1041 1410 1411 1042)
4(1369 1370 1411 1410)
4(1002 1043 1412 1371)
4(1042 1411 1412 1043)
4(1370 1371 1412 1411)
4(1003 1044 1413 1372)
4(1043 1412 1413 1044)
4(1371 1372 1413 1412)
4(1004 1045 1414 1373)
4(1044 1413 1414 1045)
4(1372 1373 1414 1413)
4(1005 1046 1415 1374)
4(1045 1414 1415 1046)
4(1373 1374 1415 1414)
4(1006 1047 1416 1375)
4(1046 1415 1416 1047)
4(1374 1375 1416 1415)
4(1007 1048 1417 1376)
4(1047 1416 1417 1048)
4(1375 1376 1417 1416)
4(1008 1049 1418 1377)
4(1048 1417 1418 1049)
4(1376 1377 1418 1417)
4(1009 1050 1419 1378)
4(1049 1418 1419 1050)
4(1377 1378 1419 1418)
4(1010 1051 1420 1379)
4(1050 1419 1420 1051)
4(1378 1379 1420 1419)
4(1011 1052 1421 1380)
4(1051 1420 1421 1052)
4(1379 1380 1421 1420)
4(1012 1053 1422 1381)
4(1052 1421 1422 1053)
4(1380 1381 1422 1421)
4(1013 1054 1423 1382)
4(1053 1422 1423 1054)
4(1381 1382 1423 1422)
4(1014 1055 1424 1383)
4(1054 1423 1424 1055)
4(1382 1383 1424 1423)
4(1015 1056 1425 1384)
4(1055 1424 1425 1056)
4(1383 1384 1425 1424)
4(1016 1057 1426 1385)
4(1056 1425 1426 1057)
4(1384 1385 1426 1425)
4(1017 1058 1427 1386)
4(1057 1426 1427 1058)
4(1385 1386 1427 1426)
4(1018 1059 1428 1387)
4(1058 1427 1428 1059)
4(1386 1387 1428 1427)
4(1019 1060 1429 1388)
4(1059 1428 1429 1060)
4(1387 1388 1429 1428)
4(1020 1061 1430 1389)
4(1060 1429 1430 1061)
4(1388 1389 1430 1429)
4(1021 1062 1431 1390)
4(1061 1430 1431 1062)
4(1389 1390 1431 1430)
4(1022 1063 1432 1391)
4(1062 1431 1432 1063)
4(1390 1391 1432 1431)
4(1023 1064 1433 1392)
4(1063 1432 1433 1064)
4(1391 1392 1433 1432)
4(1064 1433 1434 1065)
4(1392 1393 1434 1433)
4(1026 1067 1436 1395)
4(1394 1395 1436 1435)
4(1027 1068 1437 1396)
4(1395 1396 1437 1436)
4(1028 1069 1438 1397)
4(1396 1397 1438 1437)
4(1029 1070 1439 1398)
4(1397 1398 1439 1438)
4(1030 1071 1440 1399)
4(1398 1399 1440 1439)
4(1031 1072 1441 1400)
4(1399 1400 1441 1440)
4(1032 1073 1442 1401)
4(1400 1401 1442 1441)
4(1033 1074 1443 1402)
4(1401 1402 1443 1442)
4(1034 1075 1444 1403)
4(1402 1403 1444 1443)
4(1035 1076 1445 1404)
4(1403 1404 1445 1444)
4(1036 1077 1446 1405)
4(1404 1405 1446 1445)
4(1037 1078 1447 1406)
4(1405 1406 1447 1446)
4(1038 1079 1448 1407)
4(1406 1407 1448 1447)
4(1039 1080 1449 1408)
4(1407 1408 1449 1448)
4(1040 1081 1450 1409)
4(1408 1409 1450 1449)
4(1041 1082 1451 1410)
4(1409 1410 1451 1450)
4(1042 1083 1452 1411)
4(1410 1411 1452 1451)
4(1043 1084 1453 1412)
4(1411 1412 1453 1452)
4(1044 1085 1454 1413)
4(1412 1413 1454 1453)
4(1045 1086 1455 1414)
4(1413 1414 1455 1454)
4(1046 1087 1456 1415)
4(1414 1415 1456 1455)
4(1047 1088 1457 1416)
4(1415 1416 1457 1456)
4(1048 1089 1458 1417)
4(1416 1417 1458 1457)
4(1049 1090 1459 1418)
4(1417 1418 1459 1458)
4(1050 1091 1460 1419)
4(1418 1419 1460 1459)
4(1051 1092 1461 1420)
4(1419 1420 1461 1460)
4(1052 1093 1462 1421)
4(1420 1421 1462 1461)
4(1053 1094 1463 1422)
4(1421 1422 1463 1462)
4(1054 1095 1464 1423)
4(1422 1423 1464 1463)
4(1055 1096 1465 1424)
4(1423 1424 1465 1464)
4(1056 1097 1466 1425)
4(1424 1425 1466 1465)
4(1057 1098 1467 1426)
4(1425 1426 1467 1466)
4(1058 1099 1468 1427)
4(1426 1427 1468 1467)
4(1059 1100 1469 1428)
4(1427 1428 1469 1468)
4(1060 1101 1470 1429)
4(1428 1429 1470 1469)
4(1061 1102 1471 1430)
4(1429 1430 1471 1470)
4(1062 1103 1472 1431)
4(1430 1431 1472 1471)
4(1063 1104 1473 1432)
4(1431 1432 1473 1472)
4(1064 1105 1474 1433)
4(1432 1433 1474 1473)
4(1433 1434 1475 1474)
4(1108 1149 1518 1477)
4(1148 1517 1518 1149)
4(1109 1150 1519 1478)
4(1149 1518 1519 1150)
4(1110 1151 1520 1479)
4(1150 1519 1520 1151)
4(1111 1152 1521 1480)
4(1151 1520 1521 1152)
4(1112 1153 1522 1481)
4(1152 1521 1522 1153)
4(1113 1154 1523 1482)
4(1153 1522 1523 1154)
4(1114 1155 1524 1483)
4(1154 1523 1524 1155)
4(1115 1156 1525 1484)
4(1155 1524 1525 1156)
4(1116 1157 1526 1485)
4(1156 1525 1526 1157)
4(1117 1158 1527 1486)
4(1157 1526 1527 1158)
4(1118 1159 1528 1487)
4(1158 1527 1528 1159)
4(1119 1160 1529 1488)
4(1159 1528 1529 1160)
4(1120 1161 1530 1489)
4(1160 1529 1530 1161)
4(1121 1162 1531 1490)
4(1161 1530 1531 1162)
4(1122 1163 1532 1491)
4(1162 1531 1532 1163)
4(1123 1164 1533 1492)
4(1163 1532 1533 1164)
4(1124 1165 1534 1493)
4(1164 1533 1534 1165)
4(1125 1166 1535 1494)
4(1165 1534 1535 1166)
4(1126 1167 1536 1495)
4(1166 1535 1536 1167)
4(1127 1168 1537 1496)
4(1167 1536 1537 1168)
4(1128 1169 1538 1497)
4(1168 1537 1538 1169)
4(1129 1170 1539 1498)
4(1169 1538 1539 1170)
4(1130 1171 1540 1499)
4(1170 1539 1540 1171)
4(1131 1172 1541 1500)
4(1171 1540 1541 1172)
4(1132 1173 1542 1501)
4(1172 1541 1542 1173)
4(1133 1174 1543 1502)
4(1173 1542 1543 1174)
4(1134 1175 1544 1503)
4(1174 1543 1544 1175)
4(1135 1176 1545 1504)
4(1175 1544 1545 1176)
4(1136 1177 1546 1505)
4(1176 1545 1546 1177)
4(1137 1178 1547 1506)
4(1177 1546 1547 1178)
4(1138 1179 1548 1507)
4(1178 1547 1548 1179)
4(1139 1180 1549 1508)
4(1179 1548 1549 1180)
4(1140 1181 1550 1509)
4(1180 1549 1550 1181)
4(1141 1182 1551 1510)
4(1181 1550 1551 1182)
4(1142 1183 1552 1511)
4(1182 1551 1552 1183)
4(1143 1184 1553 1512)
4(1183 1552 1553 1184)
4(1144 1185 1554 1513)
4(1184 1553 1554 1185)
4(1145 1186 1555 1514)
4(1185 1554 1555 1186)
4(1146 1187 1556 1515)
4(1186 1555 1556 1187)
4(1187 1556 1557 1188)
4(1149 1190 1559 1518)
4(1189 1558 1559 1190)
4(1150 1191 1560 1519)
4(1190 1559 1560 1191)
4(1151 1192 1561 1520)
4(1191 1560 1561 1192)
4(1152 1193 1562 1521)
4(1192 1561 1562 1193)
4(1153 1194 1563 1522)
4(1193 1562 1563 1194)
4(1154 1195 1564 1523)
4(1194 1563 1564 1195)
4(1155 1196 1565 1524)
4(1195 1564 1565 1196)
4(1156 1197 1566 1525)
4(1196 1565 1566 1197)
4(1157 1198 1567 1526)
4(1197 1566 1567 1198)
4(1158 1199 1568 1527)
4(1198 1567 1568 1199)
4(1159 1200 1569 1528)
4(1199 1568 1569 1200)
4(1160 1201 1570 1529)
4(1200 1569 1570 1201)
4(1161 1202 1571 1530)
4(1201 1570 1571 1202)
4(1162 1203 1572 1531)
4(1202 1571 1572 1203)
4(1163 1204 1573 1532)
4(1203 1572 1573 1204)
4(1164 1205 1574 1533)
4(1204 1573 1574 1205)
4(1165 1206 1575 1534)
4(1205 1574 1575 1206)
4(1166 1207 1576 1535)
4(1206 1575 1576 1207)
4(1167 1208 1577 1536)
4(1207 1576 1577 1208)
4(1168 1209 1578 1537)
4(1208 1577 1578 1209)
4(1169 1210 1579 1538)
4(1209 1578 1579 1210)
4(1170 1211 1580 1539)
4(1210 1579 1580 1211)
4(1171 1212 1581 1540)
4(1211 1580 1581 1212)
4(1172 1213 1582 1541)
4(1212 1581 1582 1213)
4(1173 1214 1583 1542)
4(1213 1582 1583 1214)
4(1174 1215 1584 1543)
4(1214 1583 1584 1215)
4(1175 1216 1585 1544)
4(1215 1584 1585 1216)
4(1176 1217 1586 1545)
4(1216 1585 1586 1217)
4(1177 1218 1587 1546)
4(1217 1586 1587 1218)
4(1178 1219 1588 1547)
4(1218 1587 1588 1219)
4(1179 1220 1589 1548)
4(1219 1588 1589 1220)
4(1180 1221 1590 1549)
4(1220 1589 1590 1221)
4(1181 1222 1591 1550)
4(1221 1590 1591 1222)
4(1182 1223 1592 1551)
4(1222 1591 1592 1223)
4(1183 1224 1593 1552)
4(1223 1592 1593 1224)
4(1184 1225 1594 1553)
4(1224 1593 1594 1225)
4(1185 1226 1595 1554)
4(1225 1594 1595 1226)
4(1186 1227 1596 1555)
4(1226 1595 1596 1227)
4(1187 1228 1597 1556)
4(1227 1596 1597 1228)
4(1228 1597 1598 1229)
4(1190 1231 1600 1559)
4(1230 1599 1600 1231)
4(1191 1232 1601 1560)
4(1231 1600 1601 1232)
4(1192 1233 1602 1561)
4(1232 1601 1602 1233)
4(1193 1234 1603 1562)
4(1233 1602 1603 1234)
4(1194 1235 1604 1563)
4(1234 1603 1604 1235)
4(1195 1236 1605 1564)
4(1235 1604 1605 1236)
4(1196 1237 1606 1565)
4(1236 1605 1606 1237)
4(1197 1238 1607 1566)
4(1237 1606 1607 1238)
4(1198 1239 1608 1567)
4(1238 1607 1608 1239)
4(1199 1240 1609 1568)
4(1239 1608 1609 1240)
4(1200 1241 1610 1569)
4(1240 1609 1610 1241)
4(1201 1242 1611 1570)
4(1241 1610 1611 1242)
4(1202 1243 1612 1571)
4(1242 1611 1612 1243)
4(1203 1244 1613 1572)
4(1243 1612 1613 1244)
4(1204 1245 1614 1573)
4(1244 1613 1614 1245)
4(1205 1246 1615 1574)
4(1245 1614 1615 1246)
4(1206 1247 1616 1575)
4(1246 1615 1616 1247)
4(1207 1248 1617 1576)
4(1247 1616 1617 1248)
4(1208 1249 1618 1577)
4(1248 1617 1618 1249)
4(1209 1250 1619 1578)
4(1249 1618 1619 1250)
4(1210 1251 1620 1579)
4(1250 1619 1620 1251)
4(1211 1252 1621 1580)
4(1251 1620 1621 1252)
4(1212 1253 1622 1581)
4(1252 1621 1622 1253)
4(1213 1254 1623 1582)
4(1253 1622 1623 1254)
4(1214 1255 1624 1583)
4(1254 1623 1624 1255)
4(1215 1256 1625 1584)
4(1255 1624 1625 1256)
4(1216 1257 1626 1585)
4(1256 1625 1626 1257)
4(1217 1258 1627 1586)
4(1257 1626 1627 1258)
4(1218 1259 1628 1587)
4(1258 1627 1628 1259)
4(1219 1260 1629 1588)
4(1259 1628 1629 1260)
4(1220 1261 1630 1589)
4(1260 1629 1630 1261)
4(1221 1262 1631 1590)
4(1261 1630 1631 1262)
4(1222 1263 1632 1591)
4(1262 1631 1632 1263)
4(1223 1264 1633 1592)
4(1263 1632 1633 1264)
4(1224 1265 1634 1593)
4(1264 1633 1634 1265)
4(1225 1266 1635 1594)
4(1265 1634 1635 1266)
4(1226 1267 1636 1595)
4(1266 1635 1636 1267)
4(1227 1268 1637 1596)
4(1267 1636 1637 1268)
4(1228 1269 1638 1597)
4(1268 1637 1638 1269)
4(1269 1638 1639 1270)
4(1231 1272 1641 1600)
4(1271 1640 1641 1272)
4(1232 1273 1642 1601)
4(1272 1641 1642 1273)
4(1233 1274 1643 1602)
4(1273 1642 1643 1274)
4(1234 1275 1644 1603)
4(1274 1643 1644 1275)
4(1235 1276 1645 1604)
4(1275 1644 1645 1276)
4(1236 1277 1646 1605)
4(1276 1645 1646 1277)
4(1237 1278 1647 1606)
4(1277 1646 1647 1278)
4(1238 1279 1648 1607)
4(1278 1647 1648 1279)
4(1239 1280 1649 1608)
4(1279 1648 1649 1280)
4(1240 1281 1650 1609)
4(1280 1649 1650 1281)
4(1241 1282 1651 1610)
4(1281 1650 1651 1282)
4(1242 1283 1652 1611)
4(1282 1651 1652 1283)
4(1243 1284 1653 1612)
4(1283 1652 1653 1284)
4(1244 1285 1654 1613)
4(1284 1653 1654 1285)
4(1245 1286 1655 1614)
4(1285 1654 1655 1286)
4(1246 1287 1656 1615)
4(1286 1655 1656 1287)
4(1247 1288 1657 1616)
4(1287 1656 1657 1288)
4(1248 1289 1658 1617)
4(1288 1657 1658 1289)
4(1249 1290 1659 1618)
4(1289 1658 1659 1290)
4(1250 1291 1660 1619)
4(1290 1659 1660 1291)
4(1251 1292 1661 1620)
4(1291 1660 1661 1292)
4(1252 1293 1662 1621)
4(1292 1661 1662 1293)
4(1253 1294 1663 1622)
4(1293 1662 1663 1294)
4(1254 1295 1664 1623)
4(1294 1663 1664 1295)
4(1255 1296 1665 1624)
4(1295 1664 1665 1296)
4(1256 1297 1666 1625)
4(1296 1665 1666 1297)
4(1257 1298 1667 1626)
4(1297 1666 1667 1298)
4(1258 1299 1668 1627)
4(1298 1667 1668 1299)
4(1259 1300 1669 1628)
4(1299 1668 1669 1300)
4(1260 1301 1670 1629)
4(1300 1669 1670 1301)
4(1261 1302 1671 1630)
4(1301 1670 1671 1302)
4(1262 1303 1672 1631)
4(1302 1671 1672 1303)
4(1263 1304 1673 1632)
4(1303 1672 1673 1304)
4(1264 1305 1674 1633)
4(1304 1673 1674 1305)
4(1265 1306 1675 1634)
4(1305 1674 1675 1306)
4(1266 1307 1676 1635)
4(1306 1675 1676 1307)
4(1267 1308 1677 1636)
4(1307 1676 1677 1308)
4(1268 1309 1678 1637)
4(1308 1677 1678 1309)
4(1269 1310 1679 1638)
4(1309 1678 1679 1310)
4(1310 1679 1680 1311)
4(1272 1313 1682 1641)
4(1312 1681 1682 1313)
4(1273 1314 1683 1642)
4(1313 1682 1683 1314)
4(1274 1315 1684 1643)
4(1314 1683 1684 1315)
4(1275 1316 1685 1644)
4(1315 1684 1685 1316)
4(1276 1317 1686 1645)
4(1316 1685 1686 1317)
4(1277 1318 1687 1646)
4(1317 1686 1687 1318)
4(1278 1319 1688 1647)
4(1318 1687 1688 1319)
4(1279 1320 1689 1648)
4(1319 1688 1689 1320)
4(1280 1321 1690 1649)
4(1320 1689 1690 1321)
4(1281 1322 1691 1650)
4(1321 1690 1691 1322)
4(1282 1323 1692 1651)
4(1322 1691 1692 1323)
4(1283 1324 1693 1652)
4(1323 1692 1693 1324)
4(1284 1325 1694 1653)
4(1324 1693 1694 1325)
4(1285 1326 1695 1654)
4(1325 1694 1695 1326)
4(1286 1327 1696 1655)
4(1326 1695 1696 1327)
4(1287 1328 1697 1656)
4(1327 1696 1697 1328)
4(1288 1329 1698 1657)
4(1328 1697 1698 1329)
4(1289 1330 1699 1658)
4(1329 1698 1699 1330)
4(1290 1331 1700 1659)
4(1330 1699 1700 1331)
4(1291 1332 1701 1660)
4(1331 1700 1701 1332)
4(1292 1333 1702 1661)
4(1332 1701 1702 1333)
4(1293 1334 1703 1662)
4(1333 1702 1703 1334)
4(1294 1335 1704 1663)
4(1334 1703 1704 1335)
4(1295 1336 1705 1664)
4(1335 1704 1705 1336)
4(1296 1337 1706 1665)
4(1336 1705 1706 1337)
4(1297 1338 1707 1666)
4(1337 1706 1707 1338)
4(1298 1339 1708 1667)
4(1338 1707 1708 1339)
4(1299 1340 1709 1668)
4(1339 1708 1709 1340)
4(1300 1341 1710 1669)
4(1340 1709 1710 1341)
4(1301 1342 1711 1670)
4(1341 1710 1711 1342)
4(1302 1343 1712 1671)
4(1342 1711 1712 1343)
4(1303 1344 1713 1672)
4(1343 1712 1713 1344)
4(1304 1345 1714 1673)
4(1344 1713 1714 1345)
4(1305 1346 1715 1674)
4(1345 1714 1715 1346)
4(1306 1347 1716 1675)
4(1346 1715 1716 1347)
4(1307 1348 1717 1676)
4(1347 1716 1717 1348)
4(1308 1349 1718 1677)
4(1348 1717 1718 1349)
4(1309 1350 1719 1678)
4(1349 1718 1719 1350)
4(1310 1351 1720 1679)
4(1350 1719 1720 1351)
4(1351 1720 1721 1352)
4(1313 1354 1723 1682)
4(1353 1722 1723 1354)
4(1314 1355 1724 1683)
4(1354 1723 1724 1355)
4(1315 1356 1725 1684)
4(1355 1724 1725 1356)
4(1316 1357 1726 1685)
4(1356 1725 1726 1357)
4(1317 1358 1727 1686)
4(1357 1726 1727 1358)
4(1318 1359 1728 1687)
4(1358 1727 1728 1359)
4(1319 1360 1729 1688)
4(1359 1728 1729 1360)
4(1320 1361 1730 1689)
4(1360 1729 1730 1361)
4(1321 1362 1731 1690)
4(1361 1730 1731 1362)
4(1322 1363 1732 1691)
4(1362 1731 1732 1363)
4(1323 1364 1733 1692)
4(1363 1732 1733 1364)
4(1324 1365 1734 1693)
4(1364 1733 1734 1365)
4(1325 1366 1735 1694)
4(1365 1734 1735 1366)
4(1326 1367 1736 1695)
4(1366 1735 1736 1367)
4(1327 1368 1737 1696)
4(1367 1736 1737 1368)
4(1328 1369 1738 1697)
4(1368 1737 1738 1369)
4(1329 1370 1739 1698)
4(1369 1738 1739 1370)
4(1330 1371 1740 1699)
4(1370 1739 1740 1371)
4(1331 1372 1741 1700)
4(1371 1740 1741 1372)
4(1332 1373 1742 1701)
4(1372 1741 1742 1373)
4(1333 1374 1743 1702)
4(1373 1742 1743 1374)
4(1334 1375 1744 1703)
4(1374 1743 1744 1375)
4(1335 1376 1745 1704)
4(1375 1744 1745 1376)
4(1336 1377 1746 1705)
4(1376 1745 1746 1377)
4(1337 1378 1747 1706)
4(1377 1746 1747 1378)
4(1338 1379 1748 1707)
4(1378 1747 1748 1379)
4(1339 1380 1749 1708)
4(1379 1748 1749 1380)
4(1340 1381 1750 1709)
4(1380 1749 1750 1381)
4(1341 1382 1751 1710)
4(1381 1750 1751 1382)
4(1342 1383 1752 1711)
4(1382 1751 1752 1383)
4(1343 1384 1753 1712)
4(1383 1752 1753 1384)
4(1344 1385 1754 1713)
4(1384 1753 1754 1385)
4(1345 1386 1755 1714)
4(1385 1754 1755 1386)
4(1346 1387 1756 1715)
4(1386 1755 1756 1387)
4(1347 1388 1757 1716)
4(1387 1756 1757 1388)
4(1348 1389 1758 1717)
4(1388 1757 1758 1389)
4(1349 1390 1759 1718)
4(1389 1758 1759 1390)
4(1350 1391 1760 1719)
4(1390 1759 1760 1391)
4(1351 1392 1761 1720)
4(1391 1760 1761 1392)
4(1392 1761 1762 1393)
4(1354 1395 1764 1723)
4(1394 1763 1764 1395)
4(1355 1396 1765 1724)
4(1395 1764 1765 1396)
4(1356 1397 1766 1725)
4(1396 1765 1766 1397)
4(1357 1398 1767 1726)
4(1397 1766 1767 1398)
4(1358 1399 1768 1727)
4(1398 1767 1768 1399)
4(1359 1400 1769 1728)
4(1399 1768 1769 1400)
4(1360 1401 1770 1729)
4(1400 1769 1770 1401)
4(1361 1402 1771 1730)
4(1401 1770 1771 1402)
4(1362 1403 1772 1731)
4(1402 1771 1772 1403)
4(1363 1404 1773 1732)
4(1403 1772 1773 1404)
4(1364 1405 1774 1733)
4(1404 1773 1774 1405)
4(1365 1406 1775 1734)
4(1405 1774 1775 1406)
4(1366 1407 1776 1735)
4(1406 1775 1776 1407)
4(1367 1408 1777 1736)
4(1407 1776 1777 1408)
4(1368 1409 1778 1737)
4(1408 1777 1778 1409)
4(1369 1410 1779 1738)
4(1409 1778 1779 1410)
4(1370 1411 1780 1739)
4(1410 1779 1780 1411)
4(1371 1412 1781 1740)
4(1411 1780 1781 1412)
4(1372 1413 1782 1741)
4(1412 1781 1782 1413)
4(1373 1414 1783 1742)
4(1413 1782 1783 1414)
4(1374 1415 1784 1743)
4(1414 1783 1784 1415)
4(1375 1416 1785 1744)
4(1415 1784 1785 1416)
4(1376 1417 1786 1745)
4(1416 1785 1786 1417)
4(1377 1418 1787 1746)
4(1417 1786 1787 1418)
4(1378 1419 1788 1747)
4(1418 1787 1788 1419)
4(1379 1420 1789 1748)
4(1419 1788 1789 1420)
4(1380 1421 1790 1749)
4(1420 1789 1790 1421)
4(1381 1422 1791 1750)
4(1421 1790 1791 1422)
4(1382 1423 1792 1751)
4(1422 1791 1792 1423)
4(1383 1424 1793 1752)
4(1423 1792 1793 1424)
4(1384 1425 1794 1753)
4(1424 1793 1794 1425)
4(1385 1426 1795 1754)
4(1425 1794 1795 1426)
4(1386 1427 1796 1755)
4(1426 1795 1796 1427)
4(1387 1428 1797 1756)
4(1427 1796 1797 1428)
4(1388 1429 1798 1757)
4(1428 1797 1798 1429)
4(1389 1430 1799 1758)
4(1429 1798 1799 1430)
4(1390 1431 1800 1759)
4(1430 1799 1800 1431)
4(1391 1432 1801 1760)
4(1431 1800 1801 1432)
4(1392 1433 1802 1761)
4(1432 1801 1802 1433)
4(1433 1802 1803 1434)
4(1395 1436 1805 1764)
4(1396 1437 1806 1765)
4(1397 1438 1807 1766)
4(1398 1439 1808 1767)
4(1399 1440 1809 1768)
4(1400 1441 1810 1769)
4(1401 1442 1811 1770)
4(1402 1443 1812 1771)
4(1403 1444 1813 1772)
4(1404 1445 1814 1773)
4(1405 1446 1815 1774)
4(1406 1447 1816 1775)
4(1407 1448 1817 1776)
4(1408 1449 1818 1777)
4(1409 1450 1819 1778)
4(1410 1451 1820 1779)
4(1411 1452 1821 1780)
4(1412 1453 1822 1781)
4(1413 1454 1823 1782)
4(1414 1455 1824 1783)
4(1415 1456 1825 1784)
4(1416 1457 1826 1785)
4(1417 1458 1827 1786)
4(1418 1459 1828 1787)
4(1419 1460 1829 1788)
4(1420 1461 1830 1789)
4(1421 1462 1831 1790)
4(1422 1463 1832 1791)
4(1423 1464 1833 1792)
4(1424 1465 1834 1793)
4(1425 1466 1835 1794)
4(1426 1467 1836 1795)
4(1427 1468 1837 1796)
4(1428 1469 1838 1797)
4(1429 1470 1839 1798)
4(1430 1471 1840 1799)
4(1431 1472 1841 1800)
4(1432 1473 1842 1801)
4(1433 1474 1843 1802)
4(0 369 410 41)
4(41 410 451 82)
4(82 451 492 123)
4(123 492 533 164)
4(164 533 574 205)
4(205 574 615 246)
4(246 615 656 287)
4(287 656 697 328)
4(369 738 779 410)
4(410 779 820 451)
4(451 820 861 492)
4(492 861 902 533)
4(533 902 943 574)
4(574 943 984 615)
4(615 984 1025 656)
4(656 1025 1066 697)
4(738 1107 1148 779)
4(779 1148 1189 820)
4(820 1189 1230 861)
4(861 1230 1271 902)
4(902 1271 1312 943)
4(943 1312 1353 984)
4(984 1353 1394 1025)
4(1025 1394 1435 1066)
4(1107 1476 1517 1148)
4(1148 1517 1558 1189)
4(1189 1558 1599 1230)
4(1230 1599 1640 1271)
4(1271 1640 1681 1312)
4(1312 1681 1722 1353)
4(1353 1722 1763 1394)
4(1394 1763 1804 1435)
4(40 81 450 409)
4(81 122 491 450)
4(122 163 532 491)
4(163 204 573 532)
4(204 245 614 573)
4(245 286 655 614)
4(286 327 696 655)
4(327 368 737 696)
4(409 450 819 778)
4(450 491 860 819)
4(491 532 901 860)
4(532 573 942 901)
4(573 614 983 942)
4(614 655 1024 983)
4(655 696 1065 1024)
4(696 737 1106 1065)
4(778 819 1188 1147)
4(819 860 1229 1188)
4(860 901 1270 1229)
4(901 942 1311 1270)
4(942 983 1352 1311)
4(983 1024 1393 1352)
4(1024 1065 1434 1393)
4(1065 1106 1475 1434)
4(1147 1188 1557 1516)
4(1188 1229 1598 1557)
4(1229 1270 1639 1598)
4(1270 1311 1680 1639)
4(1311 1352 1721 1680)
4(1352 1393 1762 1721)
4(1393 1434 1803 1762)
4(1434 1475 1844 1803)
4(0 1 370 369)
4(369 370 739 738)
4(738 739 1108 1107)
4(1107 1108 1477 1476)
4(1 2 371 370)
4(370 371 740 739)
4(739 740 1109 1108)
4(1108 1109 1478 1477)
4(2 3 372 371)
4(371 372 741 740)
4(740 741 1110 1109)
4(1109 1110 1479 1478)
4(3 4 373 372)
4(372 373 742 741)
4(741 742 1111 1110)
4(1110 1111 1480 1479)
4(4 5 374 373)
4(373 374 743 742)
4(742 743 1112 1111)
4(1111 1112 1481 1480)
4(5 6 375 374)
4(374 375 744 743)
4(743 744 1113 1112)
4(1112 1113 1482 1481)
4(6 7 376 375)
4(375 376 745 744)
4(744 745 1114 1113)
4(1113 1114 1483 1482)
4(7 8 377 376)
4(376 377 746 745)
4(745 746 1115 1114)
4(1114 1115 1484 1483)
4(8 9 378 377)
4(377 378 747 746)
4(746 747 1116 1115)
4(1115 1116 1485 1484)
4(9 10 379 378)
4(378 379 748 747)
4(747 748 1117 1116)
4(1116 1117 1486 1485)
4(10 11 380 379)
4(379 380 749 748)
4(748 749 1118 1117)
4(1117 1118 1487 1486)
4(11 12 381 380)
4(380 381 750 749)
4(749 750 1119 1118)
4(1118 1119 1488 1487)
4(12 13 382 381)
4(381 382 751 750)
4(750 751 1120 1119)
4(1119 1120 1489 1488)
4(13 14 383 382)
4(382 383 752 751)
4(751 752 1121 1120)
4(1120 1121 1490 1489)
4(14 15 384 383)
4(383 384 753 752)
4(752 753 1122 1121)
4(1121 1122 1491 1490)
4(15 16 385 384)
4(384 385 754 753)
4(753 754 1123 1122)
4(1122 1123 1492 1491)
4(16 17 386 385)
4(385 386 755 754)
4(754 755 1124 1123)
4(1123 1124 1493 1492)
4(17 18 387 386)
4(386 387 756 755)
4(755 756 1125 1124)
4(1124 1125 1494 1493)
4(18 19 388 387)
4(387 388 757 756)
4(756 757 1126 1125)
4(1125 1126 1495 1494)
4(19 20 389 388)
4(388 389 758 757)
4(757 758 1127 1126)
4(1126 1127 1496 1495)
4(20 21 390 389)
4(389 390 759 758)
4(758 759 1128 1127)
4(1127 1128 1497 1496)
4(21 22 391 390)
4(390 391 760 759)
4(759 760 1129 1128)
4(1128 1129 1498 1497)
4(22 23 392 391)
4(391 392 761 760)
4(760 761 1130 1129)
4(1129 1130 1499 1498)
4(23 24 393 392)
4(392 393 762 761)
4(761 762 1131 1130)
4(1130 1131 1500 1499)
4(24 25 394 393)
4(393 394 763 762)
4(762 763 1132 1131)
4(1131 1132 1501 1500)
4(25 26 395 394)
4(394 395 764 763)
4(763 764 1133 1132)
4(1132 1133 1502 1501)
4(26 27 396 395)
4(395 396 765 764)
4(764 765 1134 1133)
4(1133 1134 1503 1502)
4(27 28 397 396)
4(396 397 766 765)
4(765 766 1135 1134)
4(1134 1135 1504 1503)
4(28 29 398 397)
4(397 398 767 766)
4(766 767 1136 1135)
4(1135 1136 1505 1504)
4(29 30 399 398)
4(398 399 768 767)
4(767 768 1137 1136)
4(1136 1137 1506 1505)
4(30 31 400 399)
4(399 400 769 768)
4(768 769 1138 1137)
4(1137 1138 1507 1506)
4(31 32 401 400)
4(400 401 770 769)
4(769 770 1139 1138)
4(1138 1139 1508 1507)
4(32 33 402 401)
4(401 402 771 770)
4(770 771 1140 1139)
4(1139 1140 1509 1508)
4(33 34 403 402)
4(402 403 772 771)
4(771 772 1141 1140)
4(1140 1141 1510 1509)
4(34 35 404 403)
4(403 404 773 772)
4(772 773 1142 1141)
4(1141 1142 1511 1510)
4(35 36 405 404)
4(404 405 774 773)
4(773 774 1143 1142)
4(1142 1143 1512 1511)
4(36 37 406 405)
4(405 406 775 774)
4(774 775 1144 1143)
4(1143 1144 1513 1512)
4(37 38 407 406)
4(406 407 776 775)
4(775 776 1145 1144)
4(1144 1145 1514 1513)
4(38 39 408 407)
4(407 408 777 776)
4(776 777 1146 1145)
4(1145 1146 1515 1514)
4(39 40 409 408)
4(408 409 778 777)
4(777 778 1147 1146)
4(1146 1147 1516 1515)
4(328 697 698 329)
4(697 1066 1067 698)
4(1066 1435 1436 1067)
4(1435 1804 1805 1436)
4(329 698 699 330)
4(698 1067 1068 699)
4(1067 1436 1437 1068)
4(1436 1805 1806 1437)
4(330 699 700 331)
4(699 1068 1069 700)
4(1068 1437 1438 1069)
4(1437 1806 1807 1438)
4(331 700 701 332)
4(700 1069 1070 701)
4(1069 1438 1439 1070)
4(1438 1807 1808 1439)
4(332 701 702 333)
4(701 1070 1071 702)
4(1070 1439 1440 1071)
4(1439 1808 1809 1440)
4(333 702 703 334)
4(702 1071 1072 703)
4(1071 1440 1441 1072)
4(1440 1809 1810 1441)
4(334 703 704 335)
4(703 1072 1073 704)
4(1072 1441 1442 1073)
4(1441 1810 1811 1442)
4(335 704 705 336)
4(704 1073 1074 705)
4(1073 1442 1443 1074)
4(1442 1811 1812 1443)
4(336 705 706 337)
4(705 1074 1075 706)
4(1074 1443 1444 1075)
4(1443 1812 1813 1444)
4(337 706 707 338)
4(706 1075 1076 707)
4(1075 1444 1445 1076)
4(1444 1813 1814 1445)
4(338 707 708 339)
4(707 1076 1077 708)
4(1076 1445 1446 1077)
4(1445 1814 1815 1446)
4(339 708 709 340)
4(708 1077 1078 709)
4(1077 1446 1447 1078)
4(1446 1815 1816 1447)
4(340 709 710 341)
4(709 1078 1079 710)
4(1078 1447 1448 1079)
4(1447 1816 1817 1448)
4(341 710 711 342)
4(710 1079 1080 711)
4(1079 1448 1449 1080)
4(1448 1817 1818 1449)
4(342 711 712 343)
4(711 1080 1081 712)
4(1080 1449 1450 1081)
4(1449 1818 1819 1450)
4(343 712 713 344)
4(712 1081 1082 713)
4(1081 1450 1451 1082)
4(1450 1819 1820 1451)
4(344 713 714 345)
4(713 1082 1083 714)
4(1082 1451 1452 1083)
4(1451 1820 1821 1452)
4(345 714 715 346)
4(714 1083 1084 715)
4(1083 1452 1453 1084)
4(1452 1821 1822 1453)
4(346 715 716 347)
4(715 1084 1085 716)
4(1084 1453 1454 1085)
4(1453 1822 1823 1454)
4(347 716 717 348)
4(716 1085 1086 717)
4(1085 1454 1455 1086)
4(1454 1823 1824 1455)
4(348 717 718 349)
4(717 1086 1087 718)
4(1086 1455 1456 1087)
4(1455 1824 1825 1456)
4(349 718 719 350)
4(718 1087 1088 719)
4(1087 1456 1457 1088)
4(1456 1825 1826 1457)
4(350 719 720 351)
4(719 1088 1089 720)
4(1088 1457 1458 1089)
4(1457 1826 1827 1458)
4(351 720 721 352)
4(720 1089 1090 721)
4(1089 1458 1459 1090)
4(1458 1827 1828 1459)
4(352 721 722 353)
4(721 1090 1091 722)
4(1090 1459 1460 1091)
4(1459 1828 1829 1460)
4(353 722 723 354)
4(722 1091 1092 723)
4(1091 1460 1461 1092)
4(1460 1829 1830 1461)
4(354 723 724 355)
4(723 1092 1093 724)
4(1092 1461 1462 1093)
4(1461 1830 1831 1462)
4(355 724 725 356)
4(724 1093 1094 725)
4(1093 1462 1463 1094)
4(1462 1831 1832 1463)
4(356 725 726 357)
4(725 1094 1095 726)
4(1094 1463 1464 1095)
4(1463 1832 1833 1464)
4(357 726 727 358)
4(726 1095 1096 727)
4(1095 1464 1465 1096)
4(1464 1833 1834 1465)
4(358 727 728 359)
4(727 1096 1097 728)
4(1096 1465 1466 1097)
4(1465 1834 1835 1466)
4(359 728 729 360)
4(728 1097 1098 729)
4(1097 1466 1467 1098)
4(1466 1835 1836 1467)
4(360 729 730 361)
4(729 1098 1099 730)
4(1098 1467 1468 1099)
4(1467 1836 1837 1468)
4(361 730 731 362)
4(730 1099 1100 731)
4(1099 1468 1469 1100)
4(1468 1837 1838 1469)
4(362 731 732 363)
4(731 1100 1101 732)
4(1100 1469 1470 1101)
4(1469 1838 1839 1470)
4(363 732 733 364)
4(732 1101 1102 733)
4(1101 1470 1471 1102)
4(1470 1839 1840 1471)
4(364 733 734 365)
4(733 1102 1103 734)
4(1102 1471 1472 1103)
4(1471 1840 1841 1472)
4(365 734 735 366)
4(734 1103 1104 735)
4(1103 1472 1473 1104)
4(1472 1841 1842 1473)
4(366 735 736 367)
4(735 1104 1105 736)
4(1104 1473 1474 1105)
4(1473 1842 1843 1474)
4(367 736 737 368)
4(736 1105 1106 737)
4(1105 1474 1475 1106)
4(1474 1843 1844 1475)
4(0 41 42 1)
4(41 82 83 42)
4(82 123 124 83)
4(123 164 165 124)
4(164 205 206 165)
4(205 246 247 206)
4(246 287 288 247)
4(287 328 329 288)
4(1 42 43 2)
4(42 83 84 43)
4(83 124 125 84)
4(124 165 166 125)
4(165 206 207 166)
4(206 247 248 207)
4(247 288 289 248)
4(288 329 330 289)
4(2 43 44 3)
4(43 84 85 44)
4(84 125 126 85)
4(125 166 167 126)
4(166 207 208 167)
4(207 248 249 208)
4(248 289 290 249)
4(289 330 331 290)
4(3 44 45 4)
4(44 85 86 45)
4(85 126 127 86)
4(126 167 168 127)
4(167 208 209 168)
4(208 249 250 209)
4(249 290 291 250)
4(290 331 332 291)
4(4 45 46 5)
4(45 86 87 46)
4(86 127 128 87)
4(127 168 169 128)
4(168 209 210 169)
4(209 250 251 210)
4(250 291 292 251)
4(291 332 333 292)
4(5 46 47 6)
4(46 87 88 47)
4(87 128 129 88)
4(128 169 170 129)
4(169 210 211 170)
4(210 251 252 211)
4(251 292 293 252)
4(292 333 334 293)
4(6 47 48 7)
4(47 88 89 48)
4(88 129 130 89)
4(129 170 171 130)
4(170 211 212 171)
4(211 252 253 212)
4(252 293 294 253)
4(293 334 335 294)
4(7 48 49 8)
4(48 89 90 49)
4(89 130 131 90)
4(130 171 172 131)
4(171 212 213 172)
4(212 253 254 213)
4(253 294 295 254)
4(294 335 336 295)
4(8 49 50 9)
4(49 90 91 50)
4(90 131 132 91)
4(131 172 173 132)
4(172 213 214 173)
4(213 254 255 214)
4(254 295 296 255)
4(295 336 337 296)
4(9 50 51 10)
4(50 91 92 51)
4(91 132 133 92)
4(132 173 174 133)
4(173 214 215 174)
4(214 255 256 215)
4(255 296 297 256)
4(296 337 338 297)
4(10 51 52 11)
4(51 92 93 52)
4(92 133 134 93)
4(133 174 175 134)
4(174 215 216 175)
4(215 256 257 216)
4(256 297 298 257)
4(297 338 339 298)
4(11 52 53 12)
4(52 93 94 53)
4(93 134 135 94)
4(134 175 176 135)
4(175 216 217 176)
4(216 257 258 217)
4(257 298 299 258)
4(298 339 340 299)
4(12 53 54 13)
4(53 94 95 54)
4(94 135 136 95)
4(135 176 177 136)
4(176 217 218 177)
4(217 258 259 218)
4(258 299 300 259)
4(299 340 341 300)
4(13 54 55 14)
4(54 95 96 55)
4(95 136 137 96)
4(136 177 178 137)
4(177 218 219 178)
4(218 259 260 219)
4(259 300 301 260)
4(300 341 342 301)
4(14 55 56 15)
4(55 96 97 56)
4(96 137 138 97)
4(137 178 179 138)
4(178 219 220 179)
4(219 260 261 220)
4(260 301 302 261)
4(301 342 343 302)
4(15 56 57 16)
4(56 97 98 57)
4(97 138 139 98)
4(138 179 180 139)
4(179 220 221 180)
4(220 261 262 221)
4(261 302 303 262)
4(302 343 344 303)
4(16 57 58 17)
4(57 98 99 58)
4(98 139 140 99)
4(139 180 181 140)
4(180 221 222 181)
4(221 262 263 222)
4(262 303 304 263)
4(303 344 345 304)
4(17 58 59 18)
4(58 99 100 59)
4(99 140 141 100)
4(140 181 182 141)
4(181 222 223 182)
4(222 263 264 223)
4(263 304 305 264)
4(304 345 346 305)
4(18 59 60 19)
4(59 100 101 60)
4(100 141 142 101)
4(141 182 183 142)
4(182 223 224 183)
4(223 264 265 224)
4(264 305 306 265)
4(305 346 347 306)
4(19 60 61 20)
4(60 101 102 61)
4(101 142 143 102)
4(142 183 184 143)
4(183 224 225 184)
4(224 265 266 225)
4(265 306 307 266)
4(306 347 348 307)
4(20 61 62 21)
4(61 102 103 62)
4(102 143 144 103)
4(143 184 185 144)
4(184 225 226 185)
4(225 266 267 226)
4(266 307 308 267)
4(307 348 349 308)
4(21 62 63 22)
4(62 103 104 63)
4(103 144 145 104)
4(144 185 186 145)
4(185 226 227 186)
4(226 267 268 227)
4(267 308 309 268)
4(308 349 350 309)
4(22 63 64 23)
4(63 104 105 64)
4(104 145 146 105)
4(145 186 187 146)
4(186 227 228 187)
4(227 268 269 228)
4(268 309 310 269)
4(309 350 351 310)
4(23 64 65 24)
4(64 105 106 65)
4(105 146 147 106)
4(146 187 188 147)
4(187 228 229 188)
4(228 269 270 229)
4(269 310 311 270)
4(310 351 352 311)
4(24 65 66 25)
4(65 106 107 66)
4(106 147 148 107)
4(147 188 189 148)
4(188 229 230 189)
4(229 270 271 230)
4(270 311 312 271)
4(311 352 353 312)
4(25 66 67 26)
4(66 107 108 67)
4(107 148 149 108)
4(148 189 190 149)
4(189 230 231 190)
4(230 271 272 231)
4(271 312 313 272)
4(312 353 354 313)
4(26 67 68 27)
4(67 108 109 68)
4(108 149 150 109)
4(149 190 191 150)
4(190 231 232 191)
4(231 272 273 232)
4(272 313 314 273)
4(313 354 355 314)
4(27 68 69 28)
4(68 109 110 69)
4(109 150 151 110)
4(150 191 192 151)
4(191 232 233 192)
4(232 273 274 233)
4(273 314 315 274)
4(314 355 356 315)
4(28 69 70 29)
4(69 110 111 70)
4(110 151 152 111)
4(151 192 193 152)
4(192 233 234 193)
4(233 274 275 234)
4(274 315 316 275)
4(315 356 357 316)
4(29 70 71 30)
4(70 111 112 71)
4(111 152 153 112)
4(152 193 194 153)
4(193 234 235 194)
4(234 275 276 235)
4(275 316 317 276)
4(316 357 358 317)
4(30 71 72 31)
4(71 112 113 72)
4(112 153 154 113)
4(153 194 195 154)
4(194 235 236 195)
4(235 276 277 236)
4(276 317 318 277)
4(317 358 359 318)
4(31 72 73 32)
4(72 113 114 73)
4(113 154 155 114)
4(154 195 196 155)
4(195 236 237 196)
4(236 277 278 237)
4(277 318 319 278)
4(318 359 360 319)
4(32 73 74 33)
4(73 114 115 74)
4(114 155 156 115)
4(155 196 197 156)
4(196 237 238 197)
4(237 278 279 238)
4(278 319 320 279)
4(319 360 361 320)
4(33 74 75 34)
4(74 115 116 75)
4(115 156 157 116)
4(156 197 198 157)
4(197 238 239 198)
4(238 279 280 239)
4(279 320 321 280)
4(320 361 362 321)
4(34 75 76 35)
4(75 116 117 76)
4(116 157 158 117)
4(157 198 199 158)
4(198 239 240 199)
4(239 280 281 240)
4(280 321 322 281)
4(321 362 363 322)
4(35 76 77 36)
4(76 117 118 77)
4(117 158 159 118)
4(158 199 200 159)
4(199 240 241 200)
4(240 281 282 241)
4(281 322 323 282)
4(322 363 364 323)
4(36 77 78 37)
4(77 118 119 78)
4(118 159 160 119)
4(159 200 201 160)
4(200 241 242 201)
4(241 282 283 242)
4(282 323 324 283)
4(323 364 365 324)
4(37 78 79 38)
4(78 119 120 79)
4(119 160 161 120)
4(160 201 202 161)
4(201 242 243 202)
4(242 283 284 243)
4(283 324 325 284)
4(324 365 366 325)
4(38 79 80 39)
4(79 120 121 80)
4(120 161 162 121)
4(161 202 203 162)
4(202 243 244 203)
4(243 284 285 244)
4(284 325 326 285)
4(325 366 367 326)
4(39 80 81 40)
4(80 121 122 81)
4(121 162 163 122)
4(162 203 204 163)
4(203 244 245 204)
4(244 285 286 245)
4(285 326 327 286)
4(326 367 368 327)
4(1476 1477 1518 1517)
4(1517 1518 1559 1558)
4(1558 1559 1600 1599)
4(1599 1600 1641 1640)
4(1640 1641 1682 1681)
4(1681 1682 1723 1722)
4(1722 1723 1764 1763)
4(1763 1764 1805 1804)
4(1477 1478 1519 1518)
4(1518 1519 1560 1559)
4(1559 1560 1601 1600)
4(1600 1601 1642 1641)
4(1641 1642 1683 1682)
4(1682 1683 1724 1723)
4(1723 1724 1765 1764)
4(1764 1765 1806 1805)
4(1478 1479 1520 1519)
4(1519 1520 1561 1560)
4(1560 1561 1602 1601)
4(1601 1602 1643 1642)
4(1642 1643 1684 1683)
4(1683 1684 1725 1724)
4(1724 1725 1766 1765)
4(1765 1766 1807 1806)
4(1479 1480 1521 1520)
4(1520 1521 1562 1561)
4(1561 1562 1603 1602)
4(1602 1603 1644 1643)
4(1643 1644 1685 1684)
4(1684 1685 1726 1725)
4(1725 1726 1767 1766)
4(1766 1767 1808 1807)
4(1480 1481 1522 1521)
4(1521 1522 1563 1562)
4(1562 1563 1604 1603)
4(1603 1604 1645 1644)
4(1644 1645 1686 1685)
4(1685 1686 1727 1726)
4(1726 1727 1768 1767)
4(1767 1768 1809 1808)
4(1481 1482 1523 1522)
4(1522 1523 1564 1563)
4(1563 1564 1605 1604)
4(1604 1605 1646 1645)
4(1645 1646 1687 1686)
4(1686 1687 1728 1727)
4(1727 1728 1769 1768)
4(1768 1769 1810 1809)
4(1482 1483 1524 1523)
4(1523 1524 1565 1564)
4(1564 1565 1606 1605)
4(1605 1606 1647 1646)
4(1646 1647 1688 1687)
4(1687 1688 1729 1728)
4(1728 1729 1770 1769)
4(1769 1770 1811 1810)
4(1483 1484 1525 1524)
4(1524 1525 1566 1565)
4(1565 1566 1607 1606)
4(1606 1607 1648 1647)
4(1647 1648 1689 1688)
4(1688 1689 1730 1729)
4(1729 1730 1771 1770)
4(1770 1771 1812 1811)
4(1484 1485 1526 1525)
4(1525 1526 1567 1566)
4(1566 1567 1608 1607)
4(1607 1608 1649 1648)
4(1648 1649 1690 1689)
4(1689 1690 1731 1730)
4(1730 1731 1772 1771)
4(1771 1772 1813 1812)
4(1485 1486 1527 1526)
4(1526 1527 1568 1567)
4(1567 1568 1609 1608)
4(1608 1609 1650 1649)
4(1649 1650 1691 1690)
4(1690 1691 1732 1731)
4(1731 1732 1773 1772)
4(1772 1773 1814 1813)
4(1486 1487 1528 1527)
4(1527 1528 1569 1568)
4(1568 1569 1610 1609)
4(1609 1610 1651 1650)
4(1650 1651 1692 1691)
4(1691 1692 1733 1732)
4(1732 1733 1774 1773)
4(1773 1774 1815 1814)
4(1487 1488 1529 1528)
4(1528 1529 1570 1569)
4(1569 1570 1611 1610)
4(1610 1611 1652 1651)
4(1651 1652 1693 1692)
4(1692 1693 1734 1733)
4(1733 1734 1775 1774)
4(1774 1775 1816 1815)
4(1488 1489 1530 1529)
4(1529 1530 1571 1570)
4(1570 1571 1612 1611)
4(1611 1612 1653 1652)
4(1652 1653 1694 1693)
4(1693 1694 1735 1734)
4(1734 1735 1776 1775)
4(1775 1776 1817 1816)
4(1489 1490 1531 1530)
4(1530 1531 1572 1571)
4(1571 1572 1613 1612)
4(1612 1613 1654 1653)
4(1653 1654 1695 1694)
4(1694 1695 1736 1735)
4(1735 1736 1777 1776)
4(1776 1777 1818 1817)
4(1490 1491 1532 1531)
4(1531 1532 1573 1572)
4(1572 1573 1614 1613)
4(1613 1614 1655 1654)
4(1654 1655 1696 1695)
4(1695 1696 1737 1736)
4(1736 1737 1778 1777)
4(1777 1778 1819 1818)
4(1491 1492 1533 1532)
4(1532 1533 1574 1573)
4(1573 1574 1615 1614)
4(1614 1615 1656 1655)
4(1655 1656 1697 1696)
4(1696 1697 1738 1737)
4(1737 1738 1779 1778)
4(1778 1779 1820 1819)
4(1492 1493 1534 1533)
4(1533 1534 1575 1574)
4(1574 1575 1616 1615)
4(1615 1616 1657 1656)
4(1656 1657 1698 1697)
4(1697 1698 1739 1738)
4(1738 1739 1780 1779)
4(1779 1780 1821 1820)
4(1493 1494 1535 1534)
4(1534 1535 1576 1575)
4(1575 1576 1617 1616)
4(1616 1617 1658 1657)
4(1657 1658 1699 1698)
4(1698 1699 1740 1739)
4(1739 1740 1781 1780)
4(1780 1781 1822 1821)
4(1494 1495 1536 1535)
4(1535 1536 1577 1576)
4(1576 1577 1618 1617)
4(1617 1618 1659 1658)
4(1658 1659 1700 1699)
4(1699 1700 1741 1740)
4(1740 1741 1782 1781)
4(1781 1782 1823 1822)
4(1495 1496 1537 1536)
4(1536 1537 1578 1577)
4(1577 1578 1619 1618)
4(1618 1619 1660 1659)
4(1659 1660 1701 1700)
4(1700 1701 1742 1741)
4(1741 1742 1783 1782)
4(1782 1783 1824 1823)
4(1496 1497 1538 1537)
4(1537 1538 1579 1578)
4(1578 1579 1620 1619)
4(1619 1620 1661 1660)
4(1660 1661 1702 1701)
4(1701 1702 1743 1742)
4(1742 1743 1784 1783)
4(1783 1784 1825 1824)
4(1497 1498 1539 1538)
4(1538 1539 1580 1579)
4(1579 1580 1621 1620)
4(1620 1621 1662 1661)
4(1661 1662 1703 1702)
4(1702 1703 1744 1743)
4(1743 1744 1785 1784)
4(1784 1785 1826 1825)
4(1498 1499 1540 1539)
4(1539 1540 1581 1580)
4(1580 1581 1622 1621)
4(1621 1622 1663 1662)
4(1662 1663 1704 1703)
4(1703 1704 1745 1744)
4(1744 1745 1786 1785)
4(1785 1786 1827 1826)
4(1499 1500 1541 1540)
4(1540 1541 1582 1581)
4(1581 1582 1623 1622)
4(1622 1623 1664 1663)
4(1663 1664 1705 1704)
4(1704 1705 1746 1745)
4(1745 1746 1787 1786)
4(1786 1787 1828 1827)
4(1500 1501 1542 1541)
4(1541 1542 1583 1582)
4(1582 1583 1624 1623)
4(1623 1624 1665 1664)
4(1664 1665 1706 1705)
4(1705 1706 1747 1746)
4(1746 1747 1788 1787)
4(1787 1788 1829 1828)
4(1501 1502 1543 1542)
4(1542 1543 1584 1583)
4(1583 1584 1625 1624)
4(1624 1625 1666 1665)
4(1665 1666 1707 1706)
4(1706 1707 1748 1747)
4(1747 1748 1789 1788)
4(1788 1789 1830 1829)
4(1502 1503 1544 1543)
4(1543 1544 1585 1584)
4(1584 1585 1626 1625)
4(1625 1626 1667 1666)
4(1666 1667 1708 1707)
4(1707 1708 1749 1748)
4(1748 1749 1790 1789)
4(1789 1790 1831 1830)
4(1503 1504 1545 1544)
4(1544 1545 1586 1585)
4(1585 1586 1627 1626)
4(1626 1627 1668 1667)
4(1667 1668 1709 1708)
4(1708 1709 1750 1749)
4(1749 1750 1791 1790)
4(1790 1791 1832 1831)
4(1504 1505 1546 1545)
4(1545 1546 1587 1586)
4(1586 1587 1628 1627)
4(1627 1628 1669 1668)
4(1668 1669 1710 1709)
4(1709 1710 1751 1750)
4(1750 1751 1792 1791)
4(1791 1792 1833 1832)
4(1505 1506 1547 1546)
4(1546 1547 1588 1587)
4(1587 1588 1629 1628)
4(1628 1629 1670 1669)
4(1669 1670 1711 1710)
4(1710 1711 1752 1751)
4(1751 1752 1793 1792)
4(1792 1793 1834 1833)
4(1506 1507 1548 1547)
4(1547 1548 1589 1588)
4(1588 1589 1630 1629)
4(1629 1630 1671 1670)
4(1670 1671 1712 1711)
4(1711 1712 1753 1752)
4(1752 1753 1794 1793)
4(1793 1794 1835 1834)
4(1507 1508 1549 1548)
4(1548 1549 1590 1589)
4(1589 1590 1631 1630)
4(1630 1631 1672 1671)
4(1671 1672 1713 1712)
4(1712 1713 1754 1753)
4(1753 1754 1795 1794)
4(1794 1795 1836 1835)
4(1508 1509 1550 1549)
4(1549 1550 1591 1590)
4(1590 1591 1632 1631)
4(1631 1632 1673 1672)
4(1672 1673 1714 1713)
4(1713 1714 1755 1754)
4(1754 1755 1796 1795)
4(1795 1796 1837 1836)
4(1509 1510 1551 1550)
4(1550 1551 1592 1591)
4(1591 1592 1633 1632)
4(1632 1633 1674 1673)
4(1673 1674 1715 1714)
4(1714 1715 1756 1755)
4(1755 1756 1797 1796)
4(1796 1797 1838 1837)
4(1510 1511 1552 1551)
4(1551 1552 1593 1592)
4(1592 1593 1634 1633)
4(1633 1634 1675 1674)
4(1674 1675 1716 1715)
4(1715 1716 1757 1756)
4(1756 1757 1798 1797)
4(1797 1798 1839 1838)
4(1511 1512 1553 1552)
4(1552 1553 1594 1593)
4(1593 1594 1635 1634)
4(1634 1635 1676 1675)
4(1675 1676 1717 1716)
4(1716 1717 1758 1757)
4(1757 1758 1799 1798)
4(1798 1799 1840 1839)
4(1512 1513 1554 1553)
4(1553 1554 1595 1594)
4(1594 1595 1636 1635)
4(1635 1636 1677 1676)
4(1676 1677 1718 1717)
4(1717 1718 1759 1758)
4(1758 1759 1800 1799)
4(1799 1800 1841 1840)
4(1513 1514 1555 1554)
4(1554 1555 1596 1595)
4(1595 1596 1637 1636)
4(1636 1637 1678 1677)
4(1677 1678 1719 1718)
4(1718 1719 1760 1759)
4(1759 1760 1801 1800)
4(1800 1801 1842 1841)
4(1514 1515 1556 1555)
4(1555 1556 1597 1596)
4(1596 1597 1638 1637)
4(1637 1638 1679 1678)
4(1678 1679 1720 1719)
4(1719 1720 1761 1760)
4(1760 1761 1802 1801)
4(1801 1802 1843 1842)
4(1515 1516 1557 1556)
4(1556 1557 1598 1597)
4(1597 1598 1639 1638)
4(1638 1639 1680 1679)
4(1679 1680 1721 1720)
4(1720 1721 1762 1761)
4(1761 1762 1803 1802)
4(1802 1803 1844 1843)
)


// ************************************************************************* //
