/*--------------------------------*- C++ -*----------------------------------*\
  =========                 |
  \\      /  F ield         | OpenFOAM: The Open Source CFD Toolbox
   \\    /   O peration     | Website:  https://openfoam.org
    \\  /    A nd           | Version:  14
     \\/     M anipulation  |
\*---------------------------------------------------------------------------*/
FoamFile
{
    format      ascii;
    class       labelList;
    note        "nPoints: 1845 nCells: 1280 nFaces: 4352 nInternalFaces: 3328";
    location    "constant/polyMesh";
    object      neighbour;
}
// * * * * * * * * * * * * * * * * * * * * * * * * * * * * * * * * * * * * * //


3328
(
1
40
320
2
41
321
3
42
322
4
43
323
5
44
324
6
45
325
7
46
326
8
47
327
9
48
328
10
49
329
11
50
330
12
51
331
13
52
332
14
53
333
15
54
334
16
55
335
17
56
336
18
57
337
19
58
338
20
59
339
21
60
340
22
61
341
23
62
342
24
63
343
25
64
344
26
65
345
27
66
346
28
67
347
29
68
348
30
69
349
31
70
350
32
71
351
33
72
352
34
73
353
35
74
354
36
75
355
37
76
356
38
77
357
39
78
358
79
359
41
80
360
42
81
361
43
82
362
44
83
363
45
84
364
46
85
365
47
86
366
48
87
367
49
88
368
50
89
369
51
90
370
52
91
371
53
92
372
54
93
373
55
94
374
56
95
375
57
96
376
58
97
377
59
98
378
60
99
379
61
100
380
62
101
381
63
102
382
64
103
383
65
104
384
66
105
385
67
106
386
68
107
387
69
108
388
70
109
389
71
110
390
72
111
391
73
112
392
74
113
393
75
114
394
76
115
395
77
116
396
78
117
397
79
118
398
119
399
81
120
400
82
121
401
83
122
402
84
123
403
85
124
404
86
125
405
87
126
406
88
127
407
89
128
408
90
129
409
91
130
410
92
131
411
93
132
412
94
133
413
95
134
414
96
135
415
97
136
416
98
137
417
99
138
418
100
139
419
101
140
420
102
141
421
103
142
422
104
143
423
105
144
424
106
145
425
107
146
426
108
147
427
109
148
428
110
149
429
111
150
430
112
151
431
113
152
432
114
153
433
115
154
434
116
155
435
117
156
436
118
157
437
119
158
438
159
439
121
160
440
122
161
441
123
162
442
124
163
443
125
164
444
126
165
445
127
166
446
128
167
447
129
168
448
130
169
449
131
170
450
132
171
451
133
172
452
134
173
453
135
174
454
136
175
455
137
176
456
138
177
457
139
178
458
140
179
459
141
180
460
142
181
461
143
182
462
144
183
463
145
184
464
146
185
465
147
186
466
148
187
467
149
188
468
150
189
469
151
190
470
152
191
471
153
192
472
154
193
473
155
194
474
156
195
475
157
196
476
158
197
477
159
198
478
199
479
161
200
480
162
201
481
163
202
482
164
203
483
165
204
484
166
205
485
167
206
486
168
207
487
169
208
488
170
209
489
171
210
490
172
211
491
173
212
492
174
213
493
175
214
494
176
215
495
177
216
496
178
217
497
179
218
498
180
219
499
181
220
500
182
221
501
183
222
502
184
223
503
185
224
504
186
225
505
187
226
506
188
227
507
189
228
508
190
229
509
191
230
510
192
231
511
193
232
512
194
233
513
195
234
514
196
235
515
197
236
516
198
237
517
199
238
518
239
519
201
240
520
202
241
521
203
242
522
204
243
523
205
244
524
206
245
525
207
246
526
208
247
527
209
248
528
210
249
529
211
250
530
212
251
531
213
252
532
214
253
533
215
254
534
216
255
535
217
256
536
218
257
537
219
258
538
220
259
539
221
260
540
222
261
541
223
262
542
224
263
543
225
264
544
226
265
545
227
266
546
228
267
547
229
268
548
230
269
549
231
270
550
232
271
551
233
272
552
234
273
553
235
274
554
236
275
555
237
276
556
238
277
557
239
278
558
279
559
241
280
560
242
281
561
243
282
562
244
283
563
245
284
564
246
285
565
247
286
566
248
287
567
249
288
568
250
289
569
251
290
570
252
291
571
253
292
572
254
293
573
255
294
574
256
295
575
257
296
576
258
297
577
259
298
578
260
299
579
261
300
580
262
301
581
263
302
582
264
303
583
265
304
584
266
305
585
267
306
586
268
307
587
269
308
588
270
309
589
271
310
590
272
311
591
273
312
592
274
313
593
275
314
594
276
315
595
277
316
596
278
317
597
279
318
598
319
599
281
600
282
601
283
602
284
603
285
604
286
605
287
606
288
607
289
608
290
609
291
610
292
611
293
612
294
613
295
614
296
615
297
616
298
617
299
618
300
619
301
620
302
621
303
622
304
623
305
624
306
625
307
626
308
627
309
628
310
629
311
630
312
631
313
632
314
633
315
634
316
635
317
636
318
637
319
638
639
321
360
640
322
361
641
323
362
642
324
363
643
325
364
644
326
365
645
327
366
646
328
367
647
329
368
648
330
369
649
331
370
650
332
371
651
333
372
652
334
373
653
335
374
654
336
375
655
337
376
656
338
377
657
339
378
658
340
379
659
341
380
660
342
381
661
343
382
662
344
383
663
345
384
664
346
385
665
347
386
666
348
387
667
349
388
668
350
389
669
351
390
670
352
391
671
353
392
672
354
393
673
355
394
674
356
395
675
357
396
676
358
397
677
359
398
678
399
679
361
400
680
362
401
681
363
402
682
364
403
683
365
404
684
366
405
685
367
406
686
368
407
687
369
408
688
370
409
689
371
410
690
372
411
691
373
412
692
374
413
693
375
414
694
376
415
695
377
416
696
378
417
697
379
418
698
380
419
699
381
420
700
382
421
701
383
422
702
384
423
703
385
424
704
386
425
705
387
426
706
388
427
707
389
428
708
390
429
709
391
430
710
392
431
711
393
432
712
394
433
713
395
434
714
396
435
715
397
436
716
398
437
717
399
438
718
439
719
401
440
720
402
441
721
403
442
722
404
443
723
405
444
724
406
445
725
407
446
726
408
447
727
409
448
728
410
449
729
411
450
730
412
451
731
413
452
732
414
453
733
415
454
734
416
455
735
417
456
736
418
457
737
419
458
738
420
459
739
421
460
740
422
461
741
423
462
742
424
463
743
425
464
744
426
465
745
427
466
746
428
467
747
429
468
748
430
469
749
431
470
750
432
471
751
433
472
752
434
473
753
435
474
754
436
475
755
437
476
756
438
477
757
439
478
758
479
759
441
480
760
442
481
761
443
482
762
444
483
763
445
484
764
446
485
765
447
486
766
448
487
767
449
488
768
450
489
769
451
490
770
452
491
771
453
492
772
454
493
773
455
494
774
456
495
775
457
496
776
458
497
777
459
498
778
460
499
779
461
500
780
462
501
781
463
502
782
464
503
783
465
504
784
466
505
785
467
506
786
468
507
787
469
508
788
470
509
789
471
510
790
472
511
791
473
512
792
474
513
793
475
514
794
476
515
795
477
516
796
478
517
797
479
518
798
519
799
481
520
800
482
521
801
483
522
802
484
523
803
485
524
804
486
525
805
487
526
806
488
527
807
489
528
808
490
529
809
491
530
810
492
531
811
493
532
812
494
533
813
495
534
814
496
535
815
497
536
816
498
537
817
499
538
818
500
539
819
501
540
820
502
541
821
503
542
822
504
543
823
505
544
824
506
545
825
507
546
826
508
547
827
509
548
828
510
549
829
511
550
830
512
551
831
513
552
832
514
553
833
515
554
834
516
555
835
517
556
836
518
557
837
519
558
838
559
839
521
560
840
522
561
841
523
562
842
524
563
843
525
564
844
526
565
845
527
566
846
528
567
847
529
568
848
530
569
849
531
570
850
532
571
851
533
572
852
534
573
853
535
574
854
536
575
855
537
576
856
538
577
857
539
578
858
540
579
859
541
580
860
542
581
861
543
582
862
544
583
863
545
584
864
546
585
865
547
586
866
548
587
867
549
588
868
550
589
869
551
590
870
552
591
871
553
592
872
554
593
873
555
594
874
556
595
875
557
596
876
558
597
877
559
598
878
599
879
561
600
880
562
601
881
563
602
882
564
603
883
565
604
884
566
605
885
567
606
886
568
607
887
569
608
888
570
609
889
571
610
890
572
611
891
573
612
892
574
613
893
575
614
894
576
615
895
577
616
896
578
617
897
579
618
898
580
619
899
581
620
900
582
621
901
583
622
902
584
623
903
585
624
904
586
625
905
587
626
906
588
627
907
589
628
908
590
629
909
591
630
910
592
631
911
593
632
912
594
633
913
595
634
914
596
635
915
597
636
916
598
637
917
599
638
918
639
919
601
920
602
921
603
922
604
923
605
924
606
925
607
926
608
927
609
928
610
929
611
930
612
931
613
932
614
933
615
934
616
935
617
936
618
937
619
938
620
939
621
940
622
941
623
942
624
943
625
944
626
945
627
946
628
947
629
948
630
949
631
950
632
951
633
952
634
953
635
954
636
955
637
956
638
957
639
958
959
641
680
960
642
681
961
643
682
962
644
683
963
645
684
964
646
685
965
647
686
966
648
687
967
649
688
968
650
689
969
651
690
970
652
691
971
653
692
972
654
693
973
655
694
974
656
695
975
657
696
976
658
697
977
659
698
978
660
699
979
661
700
980
662
701
981
663
702
982
664
703
983
665
704
984
666
705
985
667
706
986
668
707
987
669
708
988
670
709
989
671
710
990
672
711
991
673
712
992
674
713
993
675
714
994
676
715
995
677
716
996
678
717
997
679
718
998
719
999
681
720
1000
682
721
1001
683
722
1002
684
723
1003
685
724
1004
686
725
1005
687
726
1006
688
727
1007
689
728
1008
690
729
1009
691
730
1010
692
731
1011
693
732
1012
694
733
1013
695
734
1014
696
735
1015
697
736
1016
698
737
1017
699
738
1018
700
739
1019
701
740
1020
702
741
1021
703
742
1022
704
743
1023
705
744
1024
706
745
1025
707
746
1026
708
747
1027
709
748
1028
710
749
1029
711
750
1030
712
751
1031
713
752
1032
714
753
1033
715
754
1034
716
755
1035
717
756
1036
718
757
1037
719
758
1038
759
1039
721
760
1040
722
761
1041
723
762
1042
724
763
1043
725
764
1044
726
765
1045
727
766
1046
728
767
1047
729
768
1048
730
769
1049
731
770
1050
732
771
1051
733
772
1052
734
773
1053
735
774
1054
736
775
1055
737
776
1056
738
777
1057
739
778
1058
740
779
1059
741
780
1060
742
781
1061
743
782
1062
744
783
1063
745
784
1064
746
785
1065
747
786
1066
748
787
1067
749
788
1068
750
789
1069
751
790
1070
752
791
1071
753
792
1072
754
793
1073
755
794
1074
756
795
1075
757
796
1076
758
797
1077
759
798
1078
799
1079
761
800
1080
762
801
1081
763
802
1082
764
803
1083
765
804
1084
766
805
1085
767
806
1086
768
807
1087
769
808
1088
770
809
1089
771
810
1090
772
811
1091
773
812
1092
774
813
1093
775
814
1094
776
815
1095
777
816
1096
778
817
1097
779
818
1098
780
819
1099
781
820
1100
782
821
1101
783
822
1102
784
823
1103
785
824
1104
786
825
1105
787
826
1106
788
827
1107
789
828
1108
790
829
1109
791
830
1110
792
831
1111
793
832
1112
794
833
1113
795
834
1114
796
835
1115
797
836
1116
798
837
1117
799
838
1118
839
1119
801
840
1120
802
841
1121
803
842
1122
804
843
1123
805
844
1124
806
845
1125
807
846
1126
808
847
1127
809
848
1128
810
849
1129
811
850
1130
812
851
1131
813
852
1132
814
853
1133
815
854
1134
816
855
1135
817
856
1136
818
857
1137
819
858
1138
820
859
1139
821
860
1140
822
861
1141
823
862
1142
824
863
1143
825
864
1144
826
865
1145
827
866
1146
828
867
1147
829
868
1148
830
869
1149
831
870
1150
832
871
1151
833
872
1152
834
873
1153
835
874
1154
836
875
1155
837
876
1156
838
877
1157
839
878
1158
879
1159
841
880
1160
842
881
1161
843
882
1162
844
883
1163
845
884
1164
846
885
1165
847
886
1166
848
887
1167
849
888
1168
850
889
1169
851
890
1170
852
891
1171
853
892
1172
854
893
1173
855
894
1174
856
895
1175
857
896
1176
858
897
1177
859
898
1178
860
899
1179
861
900
1180
862
901
1181
863
902
1182
864
903
1183
865
904
1184
866
905
1185
867
906
1186
868
907
1187
869
908
1188
870
909
1189
871
910
1190
872
911
1191
873
912
1192
874
913
1193
875
914
1194
876
915
1195
877
916
1196
878
917
1197
879
918
1198
919
1199
881
920
1200
882
921
1201
883
922
1202
884
923
1203
885
924
1204
886
925
1205
887
926
1206
888
927
1207
889
928
1208
890
929
1209
891
930
1210
892
931
1211
893
932
1212
894
933
1213
895
934
1214
896
935
1215
897
936
1216
898
937
1217
899
938
1218
900
939
1219
901
940
1220
902
941
1221
903
942
1222
904
943
1223
905
944
1224
906
945
1225
907
946
1226
908
947
1227
909
948
1228
910
949
1229
911
950
1230
912
951
1231
913
952
1232
914
953
1233
915
954
1234
916
955
1235
917
956
1236
918
957
1237
919
958
1238
959
1239
921
1240
922
1241
923
1242
924
1243
925
1244
926
1245
927
1246
928
1247
929
1248
930
1249
931
1250
932
1251
933
1252
934
1253
935
1254
936
1255
937
1256
938
1257
939
1258
940
1259
941
1260
942
1261
943
1262
944
1263
945
1264
946
1265
947
1266
948
1267
949
1268
950
1269
951
1270
952
1271
953
1272
954
1273
955
1274
956
1275
957
1276
958
1277
959
1278
1279
961
1000
962
1001
963
1002
964
1003
965
1004
966
1005
967
1006
968
1007
969
1008
970
1009
971
1010
972
1011
973
1012
974
1013
975
1014
976
1015
977
1016
978
1017
979
1018
980
1019
981
1020
982
1021
983
1022
984
1023
985
1024
986
1025
987
1026
988
1027
989
1028
990
1029
991
1030
992
1031
993
1032
994
1033
995
1034
996
1035
997
1036
998
1037
999
1038
1039
1001
1040
1002
1041
1003
1042
1004
1043
1005
1044
1006
1045
1007
1046
1008
1047
1009
1048
1010
1049
1011
1050
1012
1051
1013
1052
1014
1053
1015
1054
1016
1055
1017
1056
1018
1057
1019
1058
1020
1059
1021
1060
1022
1061
1023
1062
1024
1063
1025
1064
1026
1065
1027
1066
1028
1067
1029
1068
1030
1069
1031
1070
1032
1071
1033
1072
1034
1073
1035
1074
1036
1075
1037
1076
1038
1077
1039
1078
1079
1041
1080
1042
1081
1043
1082
1044
1083
1045
1084
1046
1085
1047
1086
1048
1087
1049
1088
1050
1089
1051
1090
1052
1091
1053
1092
1054
1093
1055
1094
1056
1095
1057
1096
1058
1097
1059
1098
1060
1099
1061
1100
1062
1101
1063
1102
1064
1103
1065
1104
1066
1105
1067
1106
1068
1107
1069
1108
1070
1109
1071
1110
1072
1111
1073
1112
1074
1113
1075
1114
1076
1115
1077
1116
1078
1117
1079
1118
1119
1081
1120
1082
1121
1083
1122
1084
1123
1085
1124
1086
1125
1087
1126
1088
1127
1089
1128
1090
1129
1091
1130
1092
1131
1093
1132
1094
1133
1095
1134
1096
1135
1097
1136
1098
1137
1099
1138
1100
1139
1101
1140
1102
1141
1103
1142
1104
1143
1105
1144
1106
1145
1107
1146
1108
1147
1109
1148
1110
1149
1111
1150
1112
1151
1113
1152
1114
1153
1115
1154
1116
1155
1117
1156
1118
1157
1119
1158
1159
1121
1160
1122
1161
1123
1162
1124
1163
1125
1164
1126
1165
1127
1166
1128
1167
1129
1168
1130
1169
1131
1170
1132
1171
1133
1172
1134
1173
1135
1174
1136
1175
1137
1176
1138
1177
1139
1178
1140
1179
1141
1180
1142
1181
1143
1182
1144
1183
1145
1184
1146
1185
1147
1186
1148
1187
1149
1188
1150
1189
1151
1190
1152
1191
1153
1192
1154
1193
1155
1194
1156
1195
1157
1196
1158
1197
1159
1198
1199
1161
1200
1162
1201
1163
1202
1164
1203
1165
1204
1166
1205
1167
1206
1168
1207
1169
1208
1170
1209
1171
1210
1172
1211
1173
1212
1174
1213
1175
1214
1176
1215
1177
1216
1178
1217
1179
1218
1180
1219
1181
1220
1182
1221
1183
1222
1184
1223
1185
1224
1186
1225
1187
1226
1188
1227
1189
1228
1190
1229
1191
1230
1192
1231
1193
1232
1194
1233
1195
1234
1196
1235
1197
1236
1198
1237
1199
1238
1239
1201
1240
1202
1241
1203
1242
1204
1243
1205
1244
1206
1245
1207
1246
1208
1247
1209
1248
1210
1249
1211
1250
1212
1251
1213
1252
1214
1253
1215
1254
1216
1255
1217
1256
1218
1257
1219
1258
1220
1259
1221
1260
1222
1261
1223
1262
1224
1263
1225
1264
1226
1265
1227
1266
1228
1267
1229
1268
1230
1269
1231
1270
1232
1271
1233
1272
1234
1273
1235
1274
1236
1275
1237
1276
1238
1277
1239
1278
1279
1241
1242
1243
1244
1245
1246
1247
1248
1249
1250
1251
1252
1253
1254
1255
1256
1257
1258
1259
1260
1261
1262
1263
1264
1265
1266
1267
1268
1269
1270
1271
1272
1273
1274
1275
1276
1277
1278
1279
)


// ************************************************************************* //
