/*--------------------------------*- C++ -*----------------------------------*\
  =========                 |
  \\      /  F ield         | OpenFOAM: The Open Source CFD Toolbox
   \\    /   O peration     | Website:  https://openfoam.org
    \\  /    A nd           | Version:  14
     \\/     M anipulation  |
\*---------------------------------------------------------------------------*/
FoamFile
{
    format      ascii;
    class       vectorField;
    location    "constant/polyMesh";
    object      points;
}
// * * * * * * * * * * * * * * * * * * * * * * * * * * * * * * * * * * * * * //


1845
(
(0 0 0)
(0.00435 0 0)
(0.0087 0 0)
(0.01305 0 0)
(0.0174 0 0)
(0.02175 0 0)
(0.0261 0 0)
(0.03045 0 0)
(0.0348 0 0)
(0.03915 0 0)
(0.0435 0 0)
(0.04785 0 0)
(0.0522 0 0)
(0.05655 0 0)
(0.0609 0 0)
(0.06525 0 0)
(0.0696 0 0)
(0.07395 0 0)
(0.0783 0 0)
(0.08265 0 0)
(0.087 0 0)
(0.09135 0 0)
(0.0957 0 0)
(0.10005 0 0)
(0.1044 0 0)
(0.10875 0 0)
(0.1131 0 0)
(0.11745 0 0)
(0.1218 0 0)
(0.12615 0 0)
(0.1305 0 0)
(0.13485 0 0)
(0.1392 0 0)
(0.14355 0 0)
(0.1479 0 0)
(0.15225 0 0)
(0.1566 0 0)
(0.16095 0 0)
(0.1653 0 0)
(0.16965 0 0)
(0.174 0 0)
(0 0.000668125 0)
(0.00435 0.000668125 0)
(0.0087 0.000668125 0)
(0.01305 0.000668125 0)
(0.0174 0.000668125 0)
(0.02175 0.000668125 0)
(0.0261 0.000668125 0)
(0.03045 0.000668125 0)
(0.0348 0.000668125 0)
(0.03915 0.000668125 0)
(0.0435 0.000668125 0)
(0.04785 0.000668125 0)
(0.0522 0.000668125 0)
(0.05655 0.000668125 0)
(0.0609 0.000668125 0)
(0.06525 0.000668125 0)
(0.0696 0.000668125 0)
(0.07395 0.000668125 0)
(0.0783 0.000668125 0)
(0.08265 0.000668125 0)
(0.087 0.000668125 0)
(0.09135 0.000668125 0)
(0.0957 0.000668125 0)
(0.10005 0.000668125 0)
(0.1044 0.000668125 0)
(0.10875 0.000668125 0)
(0.1131 0.000668125 0)
(0.11745 0.000668125 0)
(0.1218 0.000668125 0)
(0.12615 0.000668125 0)
(0.1305 0.000668125 0)
(0.13485 0.000668125 0)
(0.1392 0.000668125 0)
(0.14355 0.000668125 0)
(0.1479 0.000668125 0)
(0.15225 0.000668125 0)
(0.1566 0.000668125 0)
(0.16095 0.000668125 0)
(0.1653 0.000668125 0)
(0.16965 0.000668125 0)
(0.174 0.000668125 0)
(0 0.00133625 0)
(0.00435 0.00133625 0)
(0.0087 0.00133625 0)
(0.01305 0.00133625 0)
(0.0174 0.00133625 0)
(0.02175 0.00133625 0)
(0.0261 0.00133625 0)
(0.03045 0.00133625 0)
(0.0348 0.00133625 0)
(0.03915 0.00133625 0)
(0.0435 0.00133625 0)
(0.04785 0.00133625 0)
(0.0522 0.00133625 0)
(0.05655 0.00133625 0)
(0.0609 0.00133625 0)
(0.06525 0.00133625 0)
(0.0696 0.00133625 0)
(0.07395 0.00133625 0)
(0.0783 0.00133625 0)
(0.08265 0.00133625 0)
(0.087 0.00133625 0)
(0.09135 0.00133625 0)
(0.0957 0.00133625 0)
(0.10005 0.00133625 0)
(0.1044 0.00133625 0)
(0.10875 0.00133625 0)
(0.1131 0.00133625 0)
(0.11745 0.00133625 0)
(0.1218 0.00133625 0)
(0.12615 0.00133625 0)
(0.1305 0.00133625 0)
(0.13485 0.00133625 0)
(0.1392 0.00133625 0)
(0.14355 0.00133625 0)
(0.1479 0.00133625 0)
(0.15225 0.00133625 0)
(0.1566 0.00133625 0)
(0.16095 0.00133625 0)
(0.1653 0.00133625 0)
(0.16965 0.00133625 0)
(0.174 0.00133625 0)
(0 0.002004375 0)
(0.00435 0.002004375 0)
(0.0087 0.002004375 0)
(0.01305 0.002004375 0)
(0.0174 0.002004375 0)
(0.02175 0.002004375 0)
(0.0261 0.002004375 0)
(0.03045 0.002004375 0)
(0.0348 0.002004375 0)
(0.03915 0.002004375 0)
(0.0435 0.002004375 0)
(0.04785 0.002004375 0)
(0.0522 0.002004375 0)
(0.05655 0.002004375 0)
(0.0609 0.002004375 0)
(0.06525 0.002004375 0)
(0.0696 0.002004375 0)
(0.07395 0.002004375 0)
(0.0783 0.002004375 0)
(0.08265 0.002004375 0)
(0.087 0.002004375 0)
(0.09135 0.002004375 0)
(0.0957 0.002004375 0)
(0.10005 0.002004375 0)
(0.1044 0.002004375 0)
(0.10875 0.002004375 0)
(0.1131 0.002004375 0)
(0.11745 0.002004375 0)
(0.1218 0.002004375 0)
(0.12615 0.002004375 0)
(0.1305 0.002004375 0)
(0.13485 0.002004375 0)
(0.1392 0.002004375 0)
(0.14355 0.002004375 0)
(0.1479 0.002004375 0)
(0.15225 0.002004375 0)
(0.1566 0.002004375 0)
(0.16095 0.002004375 0)
(0.1653 0.002004375 0)
(0.16965 0.002004375 0)
(0.174 0.002004375 0)
(0 0.0026725 0)
(0.00435 0.0026725 0)
(0.0087 0.0026725 0)
(0.01305 0.0026725 0)
(0.0174 0.0026725 0)
(0.02175 0.0026725 0)
(0.0261 0.0026725 0)
(0.03045 0.0026725 0)
(0.0348 0.0026725 0)
(0.03915 0.0026725 0)
(0.0435 0.0026725 0)
(0.04785 0.0026725 0)
(0.0522 0.0026725 0)
(0.05655 0.0026725 0)
(0.0609 0.0026725 0)
(0.06525 0.0026725 0)
(0.0696 0.0026725 0)
(0.07395 0.0026725 0)
(0.0783 0.0026725 0)
(0.08265 0.0026725 0)
(0.087 0.0026725 0)
(0.09135 0.0026725 0)
(0.0957 0.0026725 0)
(0.10005 0.0026725 0)
(0.1044 0.0026725 0)
(0.10875 0.0026725 0)
(0.1131 0.0026725 0)
(0.11745 0.0026725 0)
(0.1218 0.0026725 0)
(0.12615 0.0026725 0)
(0.1305 0.0026725 0)
(0.13485 0.0026725 0)
(0.1392 0.0026725 0)
(0.14355 0.0026725 0)
(0.1479 0.0026725 0)
(0.15225 0.0026725 0)
(0.1566 0.0026725 0)
(0.16095 0.0026725 0)
(0.1653 0.0026725 0)
(0.16965 0.0026725 0)
(0.174 0.0026725 0)
(0 0.003340625 0)
(0.00435 0.003340625 0)
(0.0087 0.003340625 0)
(0.01305 0.003340625 0)
(0.0174 0.003340625 0)
(0.02175 0.003340625 0)
(0.0261 0.003340625 0)
(0.03045 0.003340625 0)
(0.0348 0.003340625 0)
(0.03915 0.003340625 0)
(0.0435 0.003340625 0)
(0.04785 0.003340625 0)
(0.0522 0.003340625 0)
(0.05655 0.003340625 0)
(0.0609 0.003340625 0)
(0.06525 0.003340625 0)
(0.0696 0.003340625 0)
(0.07395 0.003340625 0)
(0.0783 0.003340625 0)
(0.08265 0.003340625 0)
(0.087 0.003340625 0)
(0.09135 0.003340625 0)
(0.0957 0.003340625 0)
(0.10005 0.003340625 0)
(0.1044 0.003340625 0)
(0.10875 0.003340625 0)
(0.1131 0.003340625 0)
(0.11745 0.003340625 0)
(0.1218 0.003340625 0)
(0.12615 0.003340625 0)
(0.1305 0.003340625 0)
(0.13485 0.003340625 0)
(0.1392 0.003340625 0)
(0.14355 0.003340625 0)
(0.1479 0.003340625 0)
(0.15225 0.003340625 0)
(0.1566 0.003340625 0)
(0.16095 0.003340625 0)
(0.1653 0.003340625 0)
(0.16965 0.003340625 0)
(0.174 0.003340625 0)
(0 0.00400875 0)
(0.00435 0.00400875 0)
(0.0087 0.00400875 0)
(0.01305 0.00400875 0)
(0.0174 0.00400875 0)
(0.02175 0.00400875 0)
(0.0261 0.00400875 0)
(0.03045 0.00400875 0)
(0.0348 0.00400875 0)
(0.03915 0.00400875 0)
(0.0435 0.00400875 0)
(0.04785 0.00400875 0)
(0.0522 0.00400875 0)
(0.05655 0.00400875 0)
(0.0609 0.00400875 0)
(0.06525 0.00400875 0)
(0.0696 0.00400875 0)
(0.07395 0.00400875 0)
(0.0783 0.00400875 0)
(0.08265 0.00400875 0)
(0.087 0.00400875 0)
(0.09135 0.00400875 0)
(0.0957 0.00400875 0)
(0.10005 0.00400875 0)
(0.1044 0.00400875 0)
(0.10875 0.00400875 0)
(0.1131 0.00400875 0)
(0.11745 0.00400875 0)
(0.1218 0.00400875 0)
(0.12615 0.00400875 0)
(0.1305 0.00400875 0)
(0.13485 0.00400875 0)
(0.1392 0.00400875 0)
(0.14355 0.00400875 0)
(0.1479 0.00400875 0)
(0.15225 0.00400875 0)
(0.1566 0.00400875 0)
(0.16095 0.00400875 0)
(0.1653 0.00400875 0)
(0.16965 0.00400875 0)
(0.174 0.00400875 0)
(0 0.004676875 0)
(0.00435 0.004676875 0)
(0.0087 0.004676875 0)
(0.01305 0.004676875 0)
(0.0174 0.004676875 0)
(0.02175 0.004676875 0)
(0.0261 0.004676875 0)
(0.03045 0.004676875 0)
(0.0348 0.004676875 0)
(0.03915 0.004676875 0)
(0.0435 0.004676875 0)
(0.04785 0.004676875 0)
(0.0522 0.004676875 0)
(0.05655 0.004676875 0)
(0.0609 0.004676875 0)
(0.06525 0.004676875 0)
(0.0696 0.004676875 0)
(0.07395 0.004676875 0)
(0.0783 0.004676875 0)
(0.08265 0.004676875 0)
(0.087 0.004676875 0)
(0.09135 0.004676875 0)
(0.0957 0.004676875 0)
(0.10005 0.004676875 0)
(0.1044 0.004676875 0)
(0.10875 0.004676875 0)
(0.1131 0.004676875 0)
(0.11745 0.004676875 0)
(0.1218 0.004676875 0)
(0.12615 0.004676875 0)
(0.1305 0.004676875 0)
(0.13485 0.004676875 0)
(0.1392 0.004676875 0)
(0.14355 0.004676875 0)
(0.1479 0.004676875 0)
(0.15225 0.004676875 0)
(0.1566 0.004676875 0)
(0.16095 0.004676875 0)
(0.1653 0.004676875 0)
(0.16965 0.004676875 0)
(0.174 0.004676875 0)
(0 0.005345 0)
(0.00435 0.005345 0)
(0.0087 0.005345 0)
(0.01305 0.005345 0)
(0.0174 0.005345 0)
(0.02175 0.005345 0)
(0.0261 0.005345 0)
(0.03045 0.005345 0)
(0.0348 0.005345 0)
(0.03915 0.005345 0)
(0.0435 0.005345 0)
(0.04785 0.005345 0)
(0.0522 0.005345 0)
(0.05655 0.005345 0)
(0.0609 0.005345 0)
(0.06525 0.005345 0)
(0.0696 0.005345 0)
(0.07395 0.005345 0)
(0.0783 0.005345 0)
(0.08265 0.005345 0)
(0.087 0.005345 0)
(0.09135 0.005345 0)
(0.0957 0.005345 0)
(0.10005 0.005345 0)
(0.1044 0.005345 0)
(0.10875 0.005345 0)
(0.1131 0.005345 0)
(0.11745 0.005345 0)
(0.1218 0.005345 0)
(0.12615 0.005345 0)
(0.1305 0.005345 0)
(0.13485 0.005345 0)
(0.1392 0.005345 0)
(0.14355 0.005345 0)
(0.1479 0.005345 0)
(0.15225 0.005345 0)
(0.1566 0.005345 0)
(0.16095 0.005345 0)
(0.1653 0.005345 0)
(0.16965 0.005345 0)
(0.174 0.005345 0)
(0 0 0.000334)
(0.00435 0 0.000334)
(0.0087 0 0.000334)
(0.01305 0 0.000334)
(0.0174 0 0.000334)
(0.02175 0 0.000334)
(0.0261 0 0.000334)
(0.03045 0 0.000334)
(0.0348 0 0.000334)
(0.03915 0 0.000334)
(0.0435 0 0.000334)
(0.04785 0 0.000334)
(0.0522 0 0.000334)
(0.05655 0 0.000334)
(0.0609 0 0.000334)
(0.06525 0 0.000334)
(0.0696 0 0.000334)
(0.07395 0 0.000334)
(0.0783 0 0.000334)
(0.08265 0 0.000334)
(0.087 0 0.000334)
(0.09135 0 0.000334)
(0.0957 0 0.000334)
(0.10005 0 0.000334)
(0.1044 0 0.000334)
(0.10875 0 0.000334)
(0.1131 0 0.000334)
(0.11745 0 0.000334)
(0.1218 0 0.000334)
(0.12615 0 0.000334)
(0.1305 0 0.000334)
(0.13485 0 0.000334)
(0.1392 0 0.000334)
(0.14355 0 0.000334)
(0.1479 0 0.000334)
(0.15225 0 0.000334)
(0.1566 0 0.000334)
(0.16095 0 0.000334)
(0.1653 0 0.000334)
(0.16965 0 0.000334)
(0.174 0 0.000334)
(0 0.000668125 0.000334)
(0.00435 0.000668125 0.000334)
(0.0087 0.000668125 0.000334)
(0.01305 0.000668125 0.000334)
(0.0174 0.000668125 0.000334)
(0.02175 0.000668125 0.000334)
(0.0261 0.000668125 0.000334)
(0.03045 0.000668125 0.000334)
(0.0348 0.000668125 0.000334)
(0.03915 0.000668125 0.000334)
(0.0435 0.000668125 0.000334)
(0.04785 0.000668125 0.000334)
(0.0522 0.000668125 0.000334)
(0.05655 0.000668125 0.000334)
(0.0609 0.000668125 0.000334)
(0.06525 0.000668125 0.000334)
(0.0696 0.000668125 0.000334)
(0.07395 0.000668125 0.000334)
(0.0783 0.000668125 0.000334)
(0.08265 0.000668125 0.000334)
(0.087 0.000668125 0.000334)
(0.09135 0.000668125 0.000334)
(0.0957 0.000668125 0.000334)
(0.10005 0.000668125 0.000334)
(0.1044 0.000668125 0.000334)
(0.10875 0.000668125 0.000334)
(0.1131 0.000668125 0.000334)
(0.11745 0.000668125 0.000334)
(0.1218 0.000668125 0.000334)
(0.12615 0.000668125 0.000334)
(0.1305 0.000668125 0.000334)
(0.13485 0.000668125 0.000334)
(0.1392 0.000668125 0.000334)
(0.14355 0.000668125 0.000334)
(0.1479 0.000668125 0.000334)
(0.15225 0.000668125 0.000334)
(0.1566 0.000668125 0.000334)
(0.16095 0.000668125 0.000334)
(0.1653 0.000668125 0.000334)
(0.16965 0.000668125 0.000334)
(0.174 0.000668125 0.000334)
(0 0.00133625 0.000334)
(0.00435 0.00133625 0.000334)
(0.0087 0.00133625 0.000334)
(0.01305 0.00133625 0.000334)
(0.0174 0.00133625 0.000334)
(0.02175 0.00133625 0.000334)
(0.0261 0.00133625 0.000334)
(0.03045 0.00133625 0.000334)
(0.0348 0.00133625 0.000334)
(0.03915 0.00133625 0.000334)
(0.0435 0.00133625 0.000334)
(0.04785 0.00133625 0.000334)
(0.0522 0.00133625 0.000334)
(0.05655 0.00133625 0.000334)
(0.0609 0.00133625 0.000334)
(0.06525 0.00133625 0.000334)
(0.0696 0.00133625 0.000334)
(0.07395 0.00133625 0.000334)
(0.0783 0.00133625 0.000334)
(0.08265 0.00133625 0.000334)
(0.087 0.00133625 0.000334)
(0.09135 0.00133625 0.000334)
(0.0957 0.00133625 0.000334)
(0.10005 0.00133625 0.000334)
(0.1044 0.00133625 0.000334)
(0.10875 0.00133625 0.000334)
(0.1131 0.00133625 0.000334)
(0.11745 0.00133625 0.000334)
(0.1218 0.00133625 0.000334)
(0.12615 0.00133625 0.000334)
(0.1305 0.00133625 0.000334)
(0.13485 0.00133625 0.000334)
(0.1392 0.00133625 0.000334)
(0.14355 0.00133625 0.000334)
(0.1479 0.00133625 0.000334)
(0.15225 0.00133625 0.000334)
(0.1566 0.00133625 0.000334)
(0.16095 0.00133625 0.000334)
(0.1653 0.00133625 0.000334)
(0.16965 0.00133625 0.000334)
(0.174 0.00133625 0.000334)
(0 0.002004375 0.000334)
(0.00435 0.002004375 0.000334)
(0.0087 0.002004375 0.000334)
(0.01305 0.002004375 0.000334)
(0.0174 0.002004375 0.000334)
(0.02175 0.002004375 0.000334)
(0.0261 0.002004375 0.000334)
(0.03045 0.002004375 0.000334)
(0.0348 0.002004375 0.000334)
(0.03915 0.002004375 0.000334)
(0.0435 0.002004375 0.000334)
(0.04785 0.002004375 0.000334)
(0.0522 0.002004375 0.000334)
(0.05655 0.002004375 0.000334)
(0.0609 0.002004375 0.000334)
(0.06525 0.002004375 0.000334)
(0.0696 0.002004375 0.000334)
(0.07395 0.002004375 0.000334)
(0.0783 0.002004375 0.000334)
(0.08265 0.002004375 0.000334)
(0.087 0.002004375 0.000334)
(0.09135 0.002004375 0.000334)
(0.0957 0.002004375 0.000334)
(0.10005 0.002004375 0.000334)
(0.1044 0.002004375 0.000334)
(0.10875 0.002004375 0.000334)
(0.1131 0.002004375 0.000334)
(0.11745 0.002004375 0.000334)
(0.1218 0.002004375 0.000334)
(0.12615 0.002004375 0.000334)
(0.1305 0.002004375 0.000334)
(0.13485 0.002004375 0.000334)
(0.1392 0.002004375 0.000334)
(0.14355 0.002004375 0.000334)
(0.1479 0.002004375 0.000334)
(0.15225 0.002004375 0.000334)
(0.1566 0.002004375 0.000334)
(0.16095 0.002004375 0.000334)
(0.1653 0.002004375 0.000334)
(0.16965 0.002004375 0.000334)
(0.174 0.002004375 0.000334)
(0 0.0026725 0.000334)
(0.00435 0.0026725 0.000334)
(0.0087 0.0026725 0.000334)
(0.01305 0.0026725 0.000334)
(0.0174 0.0026725 0.000334)
(0.02175 0.0026725 0.000334)
(0.0261 0.0026725 0.000334)
(0.03045 0.0026725 0.000334)
(0.0348 0.0026725 0.000334)
(0.03915 0.0026725 0.000334)
(0.0435 0.0026725 0.000334)
(0.04785 0.0026725 0.000334)
(0.0522 0.0026725 0.000334)
(0.05655 0.0026725 0.000334)
(0.0609 0.0026725 0.000334)
(0.06525 0.0026725 0.000334)
(0.0696 0.0026725 0.000334)
(0.07395 0.0026725 0.000334)
(0.0783 0.0026725 0.000334)
(0.08265 0.0026725 0.000334)
(0.087 0.0026725 0.000334)
(0.09135 0.0026725 0.000334)
(0.0957 0.0026725 0.000334)
(0.10005 0.0026725 0.000334)
(0.1044 0.0026725 0.000334)
(0.10875 0.0026725 0.000334)
(0.1131 0.0026725 0.000334)
(0.11745 0.0026725 0.000334)
(0.1218 0.0026725 0.000334)
(0.12615 0.0026725 0.000334)
(0.1305 0.0026725 0.000334)
(0.13485 0.0026725 0.000334)
(0.1392 0.0026725 0.000334)
(0.14355 0.0026725 0.000334)
(0.1479 0.0026725 0.000334)
(0.15225 0.0026725 0.000334)
(0.1566 0.0026725 0.000334)
(0.16095 0.0026725 0.000334)
(0.1653 0.0026725 0.000334)
(0.16965 0.0026725 0.000334)
(0.174 0.0026725 0.000334)
(0 0.003340625 0.000334)
(0.00435 0.003340625 0.000334)
(0.0087 0.003340625 0.000334)
(0.01305 0.003340625 0.000334)
(0.0174 0.003340625 0.000334)
(0.02175 0.003340625 0.000334)
(0.0261 0.003340625 0.000334)
(0.03045 0.003340625 0.000334)
(0.0348 0.003340625 0.000334)
(0.03915 0.003340625 0.000334)
(0.0435 0.003340625 0.000334)
(0.04785 0.003340625 0.000334)
(0.0522 0.003340625 0.000334)
(0.05655 0.003340625 0.000334)
(0.0609 0.003340625 0.000334)
(0.06525 0.003340625 0.000334)
(0.0696 0.003340625 0.000334)
(0.07395 0.003340625 0.000334)
(0.0783 0.003340625 0.000334)
(0.08265 0.003340625 0.000334)
(0.087 0.003340625 0.000334)
(0.09135 0.003340625 0.000334)
(0.0957 0.003340625 0.000334)
(0.10005 0.003340625 0.000334)
(0.1044 0.003340625 0.000334)
(0.10875 0.003340625 0.000334)
(0.1131 0.003340625 0.000334)
(0.11745 0.003340625 0.000334)
(0.1218 0.003340625 0.000334)
(0.12615 0.003340625 0.000334)
(0.1305 0.003340625 0.000334)
(0.13485 0.003340625 0.000334)
(0.1392 0.003340625 0.000334)
(0.14355 0.003340625 0.000334)
(0.1479 0.003340625 0.000334)
(0.15225 0.003340625 0.000334)
(0.1566 0.003340625 0.000334)
(0.16095 0.003340625 0.000334)
(0.1653 0.003340625 0.000334)
(0.16965 0.003340625 0.000334)
(0.174 0.003340625 0.000334)
(0 0.00400875 0.000334)
(0.00435 0.00400875 0.000334)
(0.0087 0.00400875 0.000334)
(0.01305 0.00400875 0.000334)
(0.0174 0.00400875 0.000334)
(0.02175 0.00400875 0.000334)
(0.0261 0.00400875 0.000334)
(0.03045 0.00400875 0.000334)
(0.0348 0.00400875 0.000334)
(0.03915 0.00400875 0.000334)
(0.0435 0.00400875 0.000334)
(0.04785 0.00400875 0.000334)
(0.0522 0.00400875 0.000334)
(0.05655 0.00400875 0.000334)
(0.0609 0.00400875 0.000334)
(0.06525 0.00400875 0.000334)
(0.0696 0.00400875 0.000334)
(0.07395 0.00400875 0.000334)
(0.0783 0.00400875 0.000334)
(0.08265 0.00400875 0.000334)
(0.087 0.00400875 0.000334)
(0.09135 0.00400875 0.000334)
(0.0957 0.00400875 0.000334)
(0.10005 0.00400875 0.000334)
(0.1044 0.00400875 0.000334)
(0.10875 0.00400875 0.000334)
(0.1131 0.00400875 0.000334)
(0.11745 0.00400875 0.000334)
(0.1218 0.00400875 0.000334)
(0.12615 0.00400875 0.000334)
(0.1305 0.00400875 0.000334)
(0.13485 0.00400875 0.000334)
(0.1392 0.00400875 0.000334)
(0.14355 0.00400875 0.000334)
(0.1479 0.00400875 0.000334)
(0.15225 0.00400875 0.000334)
(0.1566 0.00400875 0.000334)
(0.16095 0.00400875 0.000334)
(0.1653 0.00400875 0.000334)
(0.16965 0.00400875 0.000334)
(0.174 0.00400875 0.000334)
(0 0.004676875 0.000334)
(0.00435 0.004676875 0.000334)
(0.0087 0.004676875 0.000334)
(0.01305 0.004676875 0.000334)
(0.0174 0.004676875 0.000334)
(0.02175 0.004676875 0.000334)
(0.0261 0.004676875 0.000334)
(0.03045 0.004676875 0.000334)
(0.0348 0.004676875 0.000334)
(0.03915 0.004676875 0.000334)
(0.0435 0.004676875 0.000334)
(0.04785 0.004676875 0.000334)
(0.0522 0.004676875 0.000334)
(0.05655 0.004676875 0.000334)
(0.0609 0.004676875 0.000334)
(0.06525 0.004676875 0.000334)
(0.0696 0.004676875 0.000334)
(0.07395 0.004676875 0.000334)
(0.0783 0.004676875 0.000334)
(0.08265 0.004676875 0.000334)
(0.087 0.004676875 0.000334)
(0.09135 0.004676875 0.000334)
(0.0957 0.004676875 0.000334)
(0.10005 0.004676875 0.000334)
(0.1044 0.004676875 0.000334)
(0.10875 0.004676875 0.000334)
(0.1131 0.004676875 0.000334)
(0.11745 0.004676875 0.000334)
(0.1218 0.004676875 0.000334)
(0.12615 0.004676875 0.000334)
(0.1305 0.004676875 0.000334)
(0.13485 0.004676875 0.000334)
(0.1392 0.004676875 0.000334)
(0.14355 0.004676875 0.000334)
(0.1479 0.004676875 0.000334)
(0.15225 0.004676875 0.000334)
(0.1566 0.004676875 0.000334)
(0.16095 0.004676875 0.000334)
(0.1653 0.004676875 0.000334)
(0.16965 0.004676875 0.000334)
(0.174 0.004676875 0.000334)
(0 0.005345 0.000334)
(0.00435 0.005345 0.000334)
(0.0087 0.005345 0.000334)
(0.01305 0.005345 0.000334)
(0.0174 0.005345 0.000334)
(0.02175 0.005345 0.000334)
(0.0261 0.005345 0.000334)
(0.03045 0.005345 0.000334)
(0.0348 0.005345 0.000334)
(0.03915 0.005345 0.000334)
(0.0435 0.005345 0.000334)
(0.04785 0.005345 0.000334)
(0.0522 0.005345 0.000334)
(0.05655 0.005345 0.000334)
(0.0609 0.005345 0.000334)
(0.06525 0.005345 0.000334)
(0.0696 0.005345 0.000334)
(0.07395 0.005345 0.000334)
(0.0783 0.005345 0.000334)
(0.08265 0.005345 0.000334)
(0.087 0.005345 0.000334)
(0.09135 0.005345 0.000334)
(0.0957 0.005345 0.000334)
(0.10005 0.005345 0.000334)
(0.1044 0.005345 0.000334)
(0.10875 0.005345 0.000334)
(0.1131 0.005345 0.000334)
(0.11745 0.005345 0.000334)
(0.1218 0.005345 0.000334)
(0.12615 0.005345 0.000334)
(0.1305 0.005345 0.000334)
(0.13485 0.005345 0.000334)
(0.1392 0.005345 0.000334)
(0.14355 0.005345 0.000334)
(0.1479 0.005345 0.000334)
(0.15225 0.005345 0.000334)
(0.1566 0.005345 0.000334)
(0.16095 0.005345 0.000334)
(0.1653 0.005345 0.000334)
(0.16965 0.005345 0.000334)
(0.174 0.005345 0.000334)
(0 0 0.000668)
(0.00435 0 0.000668)
(0.0087 0 0.000668)
(0.01305 0 0.000668)
(0.0174 0 0.000668)
(0.02175 0 0.000668)
(0.0261 0 0.000668)
(0.03045 0 0.000668)
(0.0348 0 0.000668)
(0.03915 0 0.000668)
(0.0435 0 0.000668)
(0.04785 0 0.000668)
(0.0522 0 0.000668)
(0.05655 0 0.000668)
(0.0609 0 0.000668)
(0.06525 0 0.000668)
(0.0696 0 0.000668)
(0.07395 0 0.000668)
(0.0783 0 0.000668)
(0.08265 0 0.000668)
(0.087 0 0.000668)
(0.09135 0 0.000668)
(0.0957 0 0.000668)
(0.10005 0 0.000668)
(0.1044 0 0.000668)
(0.10875 0 0.000668)
(0.1131 0 0.000668)
(0.11745 0 0.000668)
(0.1218 0 0.000668)
(0.12615 0 0.000668)
(0.1305 0 0.000668)
(0.13485 0 0.000668)
(0.1392 0 0.000668)
(0.14355 0 0.000668)
(0.1479 0 0.000668)
(0.15225 0 0.000668)
(0.1566 0 0.000668)
(0.16095 0 0.000668)
(0.1653 0 0.000668)
(0.16965 0 0.000668)
(0.174 0 0.000668)
(0 0.000668125 0.000668)
(0.00435 0.000668125 0.000668)
(0.0087 0.000668125 0.000668)
(0.01305 0.000668125 0.000668)
(0.0174 0.000668125 0.000668)
(0.02175 0.000668125 0.000668)
(0.0261 0.000668125 0.000668)
(0.03045 0.000668125 0.000668)
(0.0348 0.000668125 0.000668)
(0.03915 0.000668125 0.000668)
(0.0435 0.000668125 0.000668)
(0.04785 0.000668125 0.000668)
(0.0522 0.000668125 0.000668)
(0.05655 0.000668125 0.000668)
(0.0609 0.000668125 0.000668)
(0.06525 0.000668125 0.000668)
(0.0696 0.000668125 0.000668)
(0.07395 0.000668125 0.000668)
(0.0783 0.000668125 0.000668)
(0.08265 0.000668125 0.000668)
(0.087 0.000668125 0.000668)
(0.09135 0.000668125 0.000668)
(0.0957 0.000668125 0.000668)
(0.10005 0.000668125 0.000668)
(0.1044 0.000668125 0.000668)
(0.10875 0.000668125 0.000668)
(0.1131 0.000668125 0.000668)
(0.11745 0.000668125 0.000668)
(0.1218 0.000668125 0.000668)
(0.12615 0.000668125 0.000668)
(0.1305 0.000668125 0.000668)
(0.13485 0.000668125 0.000668)
(0.1392 0.000668125 0.000668)
(0.14355 0.000668125 0.000668)
(0.1479 0.000668125 0.000668)
(0.15225 0.000668125 0.000668)
(0.1566 0.000668125 0.000668)
(0.16095 0.000668125 0.000668)
(0.1653 0.000668125 0.000668)
(0.16965 0.000668125 0.000668)
(0.174 0.000668125 0.000668)
(0 0.00133625 0.000668)
(0.00435 0.00133625 0.000668)
(0.0087 0.00133625 0.000668)
(0.01305 0.00133625 0.000668)
(0.0174 0.00133625 0.000668)
(0.02175 0.00133625 0.000668)
(0.0261 0.00133625 0.000668)
(0.03045 0.00133625 0.000668)
(0.0348 0.00133625 0.000668)
(0.03915 0.00133625 0.000668)
(0.0435 0.00133625 0.000668)
(0.04785 0.00133625 0.000668)
(0.0522 0.00133625 0.000668)
(0.05655 0.00133625 0.000668)
(0.0609 0.00133625 0.000668)
(0.06525 0.00133625 0.000668)
(0.0696 0.00133625 0.000668)
(0.07395 0.00133625 0.000668)
(0.0783 0.00133625 0.000668)
(0.08265 0.00133625 0.000668)
(0.087 0.00133625 0.000668)
(0.09135 0.00133625 0.000668)
(0.0957 0.00133625 0.000668)
(0.10005 0.00133625 0.000668)
(0.1044 0.00133625 0.000668)
(0.10875 0.00133625 0.000668)
(0.1131 0.00133625 0.000668)
(0.11745 0.00133625 0.000668)
(0.1218 0.00133625 0.000668)
(0.12615 0.00133625 0.000668)
(0.1305 0.00133625 0.000668)
(0.13485 0.00133625 0.000668)
(0.1392 0.00133625 0.000668)
(0.14355 0.00133625 0.000668)
(0.1479 0.00133625 0.000668)
(0.15225 0.00133625 0.000668)
(0.1566 0.00133625 0.000668)
(0.16095 0.00133625 0.000668)
(0.1653 0.00133625 0.000668)
(0.16965 0.00133625 0.000668)
(0.174 0.00133625 0.000668)
(0 0.002004375 0.000668)
(0.00435 0.002004375 0.000668)
(0.0087 0.002004375 0.000668)
(0.01305 0.002004375 0.000668)
(0.0174 0.002004375 0.000668)
(0.02175 0.002004375 0.000668)
(0.0261 0.002004375 0.000668)
(0.03045 0.002004375 0.000668)
(0.0348 0.002004375 0.000668)
(0.03915 0.002004375 0.000668)
(0.0435 0.002004375 0.000668)
(0.04785 0.002004375 0.000668)
(0.0522 0.002004375 0.000668)
(0.05655 0.002004375 0.000668)
(0.0609 0.002004375 0.000668)
(0.06525 0.002004375 0.000668)
(0.0696 0.002004375 0.000668)
(0.07395 0.002004375 0.000668)
(0.0783 0.002004375 0.000668)
(0.08265 0.002004375 0.000668)
(0.087 0.002004375 0.000668)
(0.09135 0.002004375 0.000668)
(0.0957 0.002004375 0.000668)
(0.10005 0.002004375 0.000668)
(0.1044 0.002004375 0.000668)
(0.10875 0.002004375 0.000668)
(0.1131 0.002004375 0.000668)
(0.11745 0.002004375 0.000668)
(0.1218 0.002004375 0.000668)
(0.12615 0.002004375 0.000668)
(0.1305 0.002004375 0.000668)
(0.13485 0.002004375 0.000668)
(0.1392 0.002004375 0.000668)
(0.14355 0.002004375 0.000668)
(0.1479 0.002004375 0.000668)
(0.15225 0.002004375 0.000668)
(0.1566 0.002004375 0.000668)
(0.16095 0.002004375 0.000668)
(0.1653 0.002004375 0.000668)
(0.16965 0.002004375 0.000668)
(0.174 0.002004375 0.000668)
(0 0.0026725 0.000668)
(0.00435 0.0026725 0.000668)
(0.0087 0.0026725 0.000668)
(0.01305 0.0026725 0.000668)
(0.0174 0.0026725 0.000668)
(0.02175 0.0026725 0.000668)
(0.0261 0.0026725 0.000668)
(0.03045 0.0026725 0.000668)
(0.0348 0.0026725 0.000668)
(0.03915 0.0026725 0.000668)
(0.0435 0.0026725 0.000668)
(0.04785 0.0026725 0.000668)
(0.0522 0.0026725 0.000668)
(0.05655 0.0026725 0.000668)
(0.0609 0.0026725 0.000668)
(0.06525 0.0026725 0.000668)
(0.0696 0.0026725 0.000668)
(0.07395 0.0026725 0.000668)
(0.0783 0.0026725 0.000668)
(0.08265 0.0026725 0.000668)
(0.087 0.0026725 0.000668)
(0.09135 0.0026725 0.000668)
(0.0957 0.0026725 0.000668)
(0.10005 0.0026725 0.000668)
(0.1044 0.0026725 0.000668)
(0.10875 0.0026725 0.000668)
(0.1131 0.0026725 0.000668)
(0.11745 0.0026725 0.000668)
(0.1218 0.0026725 0.000668)
(0.12615 0.0026725 0.000668)
(0.1305 0.0026725 0.000668)
(0.13485 0.0026725 0.000668)
(0.1392 0.0026725 0.000668)
(0.14355 0.0026725 0.000668)
(0.1479 0.0026725 0.000668)
(0.15225 0.0026725 0.000668)
(0.1566 0.0026725 0.000668)
(0.16095 0.0026725 0.000668)
(0.1653 0.0026725 0.000668)
(0.16965 0.0026725 0.000668)
(0.174 0.0026725 0.000668)
(0 0.003340625 0.000668)
(0.00435 0.003340625 0.000668)
(0.0087 0.003340625 0.000668)
(0.01305 0.003340625 0.000668)
(0.0174 0.003340625 0.000668)
(0.02175 0.003340625 0.000668)
(0.0261 0.003340625 0.000668)
(0.03045 0.003340625 0.000668)
(0.0348 0.003340625 0.000668)
(0.03915 0.003340625 0.000668)
(0.0435 0.003340625 0.000668)
(0.04785 0.003340625 0.000668)
(0.0522 0.003340625 0.000668)
(0.05655 0.003340625 0.000668)
(0.0609 0.003340625 0.000668)
(0.06525 0.003340625 0.000668)
(0.0696 0.003340625 0.000668)
(0.07395 0.003340625 0.000668)
(0.0783 0.003340625 0.000668)
(0.08265 0.003340625 0.000668)
(0.087 0.003340625 0.000668)
(0.09135 0.003340625 0.000668)
(0.0957 0.003340625 0.000668)
(0.10005 0.003340625 0.000668)
(0.1044 0.003340625 0.000668)
(0.10875 0.003340625 0.000668)
(0.1131 0.003340625 0.000668)
(0.11745 0.003340625 0.000668)
(0.1218 0.003340625 0.000668)
(0.12615 0.003340625 0.000668)
(0.1305 0.003340625 0.000668)
(0.13485 0.003340625 0.000668)
(0.1392 0.003340625 0.000668)
(0.14355 0.003340625 0.000668)
(0.1479 0.003340625 0.000668)
(0.15225 0.003340625 0.000668)
(0.1566 0.003340625 0.000668)
(0.16095 0.003340625 0.000668)
(0.1653 0.003340625 0.000668)
(0.16965 0.003340625 0.000668)
(0.174 0.003340625 0.000668)
(0 0.00400875 0.000668)
(0.00435 0.00400875 0.000668)
(0.0087 0.00400875 0.000668)
(0.01305 0.00400875 0.000668)
(0.0174 0.00400875 0.000668)
(0.02175 0.00400875 0.000668)
(0.0261 0.00400875 0.000668)
(0.03045 0.00400875 0.000668)
(0.0348 0.00400875 0.000668)
(0.03915 0.00400875 0.000668)
(0.0435 0.00400875 0.000668)
(0.04785 0.00400875 0.000668)
(0.0522 0.00400875 0.000668)
(0.05655 0.00400875 0.000668)
(0.0609 0.00400875 0.000668)
(0.06525 0.00400875 0.000668)
(0.0696 0.00400875 0.000668)
(0.07395 0.00400875 0.000668)
(0.0783 0.00400875 0.000668)
(0.08265 0.00400875 0.000668)
(0.087 0.00400875 0.000668)
(0.09135 0.00400875 0.000668)
(0.0957 0.00400875 0.000668)
(0.10005 0.00400875 0.000668)
(0.1044 0.00400875 0.000668)
(0.10875 0.00400875 0.000668)
(0.1131 0.00400875 0.000668)
(0.11745 0.00400875 0.000668)
(0.1218 0.00400875 0.000668)
(0.12615 0.00400875 0.000668)
(0.1305 0.00400875 0.000668)
(0.13485 0.00400875 0.000668)
(0.1392 0.00400875 0.000668)
(0.14355 0.00400875 0.000668)
(0.1479 0.00400875 0.000668)
(0.15225 0.00400875 0.000668)
(0.1566 0.00400875 0.000668)
(0.16095 0.00400875 0.000668)
(0.1653 0.00400875 0.000668)
(0.16965 0.00400875 0.000668)
(0.174 0.00400875 0.000668)
(0 0.004676875 0.000668)
(0.00435 0.004676875 0.000668)
(0.0087 0.004676875 0.000668)
(0.01305 0.004676875 0.000668)
(0.0174 0.004676875 0.000668)
(0.02175 0.004676875 0.000668)
(0.0261 0.004676875 0.000668)
(0.03045 0.004676875 0.000668)
(0.0348 0.004676875 0.000668)
(0.03915 0.004676875 0.000668)
(0.0435 0.004676875 0.000668)
(0.04785 0.004676875 0.000668)
(0.0522 0.004676875 0.000668)
(0.05655 0.004676875 0.000668)
(0.0609 0.004676875 0.000668)
(0.06525 0.004676875 0.000668)
(0.0696 0.004676875 0.000668)
(0.07395 0.004676875 0.000668)
(0.0783 0.004676875 0.000668)
(0.08265 0.004676875 0.000668)
(0.087 0.004676875 0.000668)
(0.09135 0.004676875 0.000668)
(0.0957 0.004676875 0.000668)
(0.10005 0.004676875 0.000668)
(0.1044 0.004676875 0.000668)
(0.10875 0.004676875 0.000668)
(0.1131 0.004676875 0.000668)
(0.11745 0.004676875 0.000668)
(0.1218 0.004676875 0.000668)
(0.12615 0.004676875 0.000668)
(0.1305 0.004676875 0.000668)
(0.13485 0.004676875 0.000668)
(0.1392 0.004676875 0.000668)
(0.14355 0.004676875 0.000668)
(0.1479 0.004676875 0.000668)
(0.15225 0.004676875 0.000668)
(0.1566 0.004676875 0.000668)
(0.16095 0.004676875 0.000668)
(0.1653 0.004676875 0.000668)
(0.16965 0.004676875 0.000668)
(0.174 0.004676875 0.000668)
(0 0.005345 0.000668)
(0.00435 0.005345 0.000668)
(0.0087 0.005345 0.000668)
(0.01305 0.005345 0.000668)
(0.0174 0.005345 0.000668)
(0.02175 0.005345 0.000668)
(0.0261 0.005345 0.000668)
(0.03045 0.005345 0.000668)
(0.0348 0.005345 0.000668)
(0.03915 0.005345 0.000668)
(0.0435 0.005345 0.000668)
(0.04785 0.005345 0.000668)
(0.0522 0.005345 0.000668)
(0.05655 0.005345 0.000668)
(0.0609 0.005345 0.000668)
(0.06525 0.005345 0.000668)
(0.0696 0.005345 0.000668)
(0.07395 0.005345 0.000668)
(0.0783 0.005345 0.000668)
(0.08265 0.005345 0.000668)
(0.087 0.005345 0.000668)
(0.09135 0.005345 0.000668)
(0.0957 0.005345 0.000668)
(0.10005 0.005345 0.000668)
(0.1044 0.005345 0.000668)
(0.10875 0.005345 0.000668)
(0.1131 0.005345 0.000668)
(0.11745 0.005345 0.000668)
(0.1218 0.005345 0.000668)
(0.12615 0.005345 0.000668)
(0.1305 0.005345 0.000668)
(0.13485 0.005345 0.000668)
(0.1392 0.005345 0.000668)
(0.14355 0.005345 0.000668)
(0.1479 0.005345 0.000668)
(0.15225 0.005345 0.000668)
(0.1566 0.005345 0.000668)
(0.16095 0.005345 0.000668)
(0.1653 0.005345 0.000668)
(0.16965 0.005345 0.000668)
(0.174 0.005345 0.000668)
(0 0 0.001002)
(0.00435 0 0.001002)
(0.0087 0 0.001002)
(0.01305 0 0.001002)
(0.0174 0 0.001002)
(0.02175 0 0.001002)
(0.0261 0 0.001002)
(0.03045 0 0.001002)
(0.0348 0 0.001002)
(0.03915 0 0.001002)
(0.0435 0 0.001002)
(0.04785 0 0.001002)
(0.0522 0 0.001002)
(0.05655 0 0.001002)
(0.0609 0 0.001002)
(0.06525 0 0.001002)
(0.0696 0 0.001002)
(0.07395 0 0.001002)
(0.0783 0 0.001002)
(0.08265 0 0.001002)
(0.087 0 0.001002)
(0.09135 0 0.001002)
(0.0957 0 0.001002)
(0.10005 0 0.001002)
(0.1044 0 0.001002)
(0.10875 0 0.001002)
(0.1131 0 0.001002)
(0.11745 0 0.001002)
(0.1218 0 0.001002)
(0.12615 0 0.001002)
(0.1305 0 0.001002)
(0.13485 0 0.001002)
(0.1392 0 0.001002)
(0.14355 0 0.001002)
(0.1479 0 0.001002)
(0.15225 0 0.001002)
(0.1566 0 0.001002)
(0.16095 0 0.001002)
(0.1653 0 0.001002)
(0.16965 0 0.001002)
(0.174 0 0.001002)
(0 0.000668125 0.001002)
(0.00435 0.000668125 0.001002)
(0.0087 0.000668125 0.001002)
(0.01305 0.000668125 0.001002)
(0.0174 0.000668125 0.001002)
(0.02175 0.000668125 0.001002)
(0.0261 0.000668125 0.001002)
(0.03045 0.000668125 0.001002)
(0.0348 0.000668125 0.001002)
(0.03915 0.000668125 0.001002)
(0.0435 0.000668125 0.001002)
(0.04785 0.000668125 0.001002)
(0.0522 0.000668125 0.001002)
(0.05655 0.000668125 0.001002)
(0.0609 0.000668125 0.001002)
(0.06525 0.000668125 0.001002)
(0.0696 0.000668125 0.001002)
(0.07395 0.000668125 0.001002)
(0.0783 0.000668125 0.001002)
(0.08265 0.000668125 0.001002)
(0.087 0.000668125 0.001002)
(0.09135 0.000668125 0.001002)
(0.0957 0.000668125 0.001002)
(0.10005 0.000668125 0.001002)
(0.1044 0.000668125 0.001002)
(0.10875 0.000668125 0.001002)
(0.1131 0.000668125 0.001002)
(0.11745 0.000668125 0.001002)
(0.1218 0.000668125 0.001002)
(0.12615 0.000668125 0.001002)
(0.1305 0.000668125 0.001002)
(0.13485 0.000668125 0.001002)
(0.1392 0.000668125 0.001002)
(0.14355 0.000668125 0.001002)
(0.1479 0.000668125 0.001002)
(0.15225 0.000668125 0.001002)
(0.1566 0.000668125 0.001002)
(0.16095 0.000668125 0.001002)
(0.1653 0.000668125 0.001002)
(0.16965 0.000668125 0.001002)
(0.174 0.000668125 0.001002)
(0 0.00133625 0.001002)
(0.00435 0.00133625 0.001002)
(0.0087 0.00133625 0.001002)
(0.01305 0.00133625 0.001002)
(0.0174 0.00133625 0.001002)
(0.02175 0.00133625 0.001002)
(0.0261 0.00133625 0.001002)
(0.03045 0.00133625 0.001002)
(0.0348 0.00133625 0.001002)
(0.03915 0.00133625 0.001002)
(0.0435 0.00133625 0.001002)
(0.04785 0.00133625 0.001002)
(0.0522 0.00133625 0.001002)
(0.05655 0.00133625 0.001002)
(0.0609 0.00133625 0.001002)
(0.06525 0.00133625 0.001002)
(0.0696 0.00133625 0.001002)
(0.07395 0.00133625 0.001002)
(0.0783 0.00133625 0.001002)
(0.08265 0.00133625 0.001002)
(0.087 0.00133625 0.001002)
(0.09135 0.00133625 0.001002)
(0.0957 0.00133625 0.001002)
(0.10005 0.00133625 0.001002)
(0.1044 0.00133625 0.001002)
(0.10875 0.00133625 0.001002)
(0.1131 0.00133625 0.001002)
(0.11745 0.00133625 0.001002)
(0.1218 0.00133625 0.001002)
(0.12615 0.00133625 0.001002)
(0.1305 0.00133625 0.001002)
(0.13485 0.00133625 0.001002)
(0.1392 0.00133625 0.001002)
(0.14355 0.00133625 0.001002)
(0.1479 0.00133625 0.001002)
(0.15225 0.00133625 0.001002)
(0.1566 0.00133625 0.001002)
(0.16095 0.00133625 0.001002)
(0.1653 0.00133625 0.001002)
(0.16965 0.00133625 0.001002)
(0.174 0.00133625 0.001002)
(0 0.002004375 0.001002)
(0.00435 0.002004375 0.001002)
(0.0087 0.002004375 0.001002)
(0.01305 0.002004375 0.001002)
(0.0174 0.002004375 0.001002)
(0.02175 0.002004375 0.001002)
(0.0261 0.002004375 0.001002)
(0.03045 0.002004375 0.001002)
(0.0348 0.002004375 0.001002)
(0.03915 0.002004375 0.001002)
(0.0435 0.002004375 0.001002)
(0.04785 0.002004375 0.001002)
(0.0522 0.002004375 0.001002)
(0.05655 0.002004375 0.001002)
(0.0609 0.002004375 0.001002)
(0.06525 0.002004375 0.001002)
(0.0696 0.002004375 0.001002)
(0.07395 0.002004375 0.001002)
(0.0783 0.002004375 0.001002)
(0.08265 0.002004375 0.001002)
(0.087 0.002004375 0.001002)
(0.09135 0.002004375 0.001002)
(0.0957 0.002004375 0.001002)
(0.10005 0.002004375 0.001002)
(0.1044 0.002004375 0.001002)
(0.10875 0.002004375 0.001002)
(0.1131 0.002004375 0.001002)
(0.11745 0.002004375 0.001002)
(0.1218 0.002004375 0.001002)
(0.12615 0.002004375 0.001002)
(0.1305 0.002004375 0.001002)
(0.13485 0.002004375 0.001002)
(0.1392 0.002004375 0.001002)
(0.14355 0.002004375 0.001002)
(0.1479 0.002004375 0.001002)
(0.15225 0.002004375 0.001002)
(0.1566 0.002004375 0.001002)
(0.16095 0.002004375 0.001002)
(0.1653 0.002004375 0.001002)
(0.16965 0.002004375 0.001002)
(0.174 0.002004375 0.001002)
(0 0.0026725 0.001002)
(0.00435 0.0026725 0.001002)
(0.0087 0.0026725 0.001002)
(0.01305 0.0026725 0.001002)
(0.0174 0.0026725 0.001002)
(0.02175 0.0026725 0.001002)
(0.0261 0.0026725 0.001002)
(0.03045 0.0026725 0.001002)
(0.0348 0.0026725 0.001002)
(0.03915 0.0026725 0.001002)
(0.0435 0.0026725 0.001002)
(0.04785 0.0026725 0.001002)
(0.0522 0.0026725 0.001002)
(0.05655 0.0026725 0.001002)
(0.0609 0.0026725 0.001002)
(0.06525 0.0026725 0.001002)
(0.0696 0.0026725 0.001002)
(0.07395 0.0026725 0.001002)
(0.0783 0.0026725 0.001002)
(0.08265 0.0026725 0.001002)
(0.087 0.0026725 0.001002)
(0.09135 0.0026725 0.001002)
(0.0957 0.0026725 0.001002)
(0.10005 0.0026725 0.001002)
(0.1044 0.0026725 0.001002)
(0.10875 0.0026725 0.001002)
(0.1131 0.0026725 0.001002)
(0.11745 0.0026725 0.001002)
(0.1218 0.0026725 0.001002)
(0.12615 0.0026725 0.001002)
(0.1305 0.0026725 0.001002)
(0.13485 0.0026725 0.001002)
(0.1392 0.0026725 0.001002)
(0.14355 0.0026725 0.001002)
(0.1479 0.0026725 0.001002)
(0.15225 0.0026725 0.001002)
(0.1566 0.0026725 0.001002)
(0.16095 0.0026725 0.001002)
(0.1653 0.0026725 0.001002)
(0.16965 0.0026725 0.001002)
(0.174 0.0026725 0.001002)
(0 0.003340625 0.001002)
(0.00435 0.003340625 0.001002)
(0.0087 0.003340625 0.001002)
(0.01305 0.003340625 0.001002)
(0.0174 0.003340625 0.001002)
(0.02175 0.003340625 0.001002)
(0.0261 0.003340625 0.001002)
(0.03045 0.003340625 0.001002)
(0.0348 0.003340625 0.001002)
(0.03915 0.003340625 0.001002)
(0.0435 0.003340625 0.001002)
(0.04785 0.003340625 0.001002)
(0.0522 0.003340625 0.001002)
(0.05655 0.003340625 0.001002)
(0.0609 0.003340625 0.001002)
(0.06525 0.003340625 0.001002)
(0.0696 0.003340625 0.001002)
(0.07395 0.003340625 0.001002)
(0.0783 0.003340625 0.001002)
(0.08265 0.003340625 0.001002)
(0.087 0.003340625 0.001002)
(0.09135 0.003340625 0.001002)
(0.0957 0.003340625 0.001002)
(0.10005 0.003340625 0.001002)
(0.1044 0.003340625 0.001002)
(0.10875 0.003340625 0.001002)
(0.1131 0.003340625 0.001002)
(0.11745 0.003340625 0.001002)
(0.1218 0.003340625 0.001002)
(0.12615 0.003340625 0.001002)
(0.1305 0.003340625 0.001002)
(0.13485 0.003340625 0.001002)
(0.1392 0.003340625 0.001002)
(0.14355 0.003340625 0.001002)
(0.1479 0.003340625 0.001002)
(0.15225 0.003340625 0.001002)
(0.1566 0.003340625 0.001002)
(0.16095 0.003340625 0.001002)
(0.1653 0.003340625 0.001002)
(0.16965 0.003340625 0.001002)
(0.174 0.003340625 0.001002)
(0 0.00400875 0.001002)
(0.00435 0.00400875 0.001002)
(0.0087 0.00400875 0.001002)
(0.01305 0.00400875 0.001002)
(0.0174 0.00400875 0.001002)
(0.02175 0.00400875 0.001002)
(0.0261 0.00400875 0.001002)
(0.03045 0.00400875 0.001002)
(0.0348 0.00400875 0.001002)
(0.03915 0.00400875 0.001002)
(0.0435 0.00400875 0.001002)
(0.04785 0.00400875 0.001002)
(0.0522 0.00400875 0.001002)
(0.05655 0.00400875 0.001002)
(0.0609 0.00400875 0.001002)
(0.06525 0.00400875 0.001002)
(0.0696 0.00400875 0.001002)
(0.07395 0.00400875 0.001002)
(0.0783 0.00400875 0.001002)
(0.08265 0.00400875 0.001002)
(0.087 0.00400875 0.001002)
(0.09135 0.00400875 0.001002)
(0.0957 0.00400875 0.001002)
(0.10005 0.00400875 0.001002)
(0.1044 0.00400875 0.001002)
(0.10875 0.00400875 0.001002)
(0.1131 0.00400875 0.001002)
(0.11745 0.00400875 0.001002)
(0.1218 0.00400875 0.001002)
(0.12615 0.00400875 0.001002)
(0.1305 0.00400875 0.001002)
(0.13485 0.00400875 0.001002)
(0.1392 0.00400875 0.001002)
(0.14355 0.00400875 0.001002)
(0.1479 0.00400875 0.001002)
(0.15225 0.00400875 0.001002)
(0.1566 0.00400875 0.001002)
(0.16095 0.00400875 0.001002)
(0.1653 0.00400875 0.001002)
(0.16965 0.00400875 0.001002)
(0.174 0.00400875 0.001002)
(0 0.004676875 0.001002)
(0.00435 0.004676875 0.001002)
(0.0087 0.004676875 0.001002)
(0.01305 0.004676875 0.001002)
(0.0174 0.004676875 0.001002)
(0.02175 0.004676875 0.001002)
(0.0261 0.004676875 0.001002)
(0.03045 0.004676875 0.001002)
(0.0348 0.004676875 0.001002)
(0.03915 0.004676875 0.001002)
(0.0435 0.004676875 0.001002)
(0.04785 0.004676875 0.001002)
(0.0522 0.004676875 0.001002)
(0.05655 0.004676875 0.001002)
(0.0609 0.004676875 0.001002)
(0.06525 0.004676875 0.001002)
(0.0696 0.004676875 0.001002)
(0.07395 0.004676875 0.001002)
(0.0783 0.004676875 0.001002)
(0.08265 0.004676875 0.001002)
(0.087 0.004676875 0.001002)
(0.09135 0.004676875 0.001002)
(0.0957 0.004676875 0.001002)
(0.10005 0.004676875 0.001002)
(0.1044 0.004676875 0.001002)
(0.10875 0.004676875 0.001002)
(0.1131 0.004676875 0.001002)
(0.11745 0.004676875 0.001002)
(0.1218 0.004676875 0.001002)
(0.12615 0.004676875 0.001002)
(0.1305 0.004676875 0.001002)
(0.13485 0.004676875 0.001002)
(0.1392 0.004676875 0.001002)
(0.14355 0.004676875 0.001002)
(0.1479 0.004676875 0.001002)
(0.15225 0.004676875 0.001002)
(0.1566 0.004676875 0.001002)
(0.16095 0.004676875 0.001002)
(0.1653 0.004676875 0.001002)
(0.16965 0.004676875 0.001002)
(0.174 0.004676875 0.001002)
(0 0.005345 0.001002)
(0.00435 0.005345 0.001002)
(0.0087 0.005345 0.001002)
(0.01305 0.005345 0.001002)
(0.0174 0.005345 0.001002)
(0.02175 0.005345 0.001002)
(0.0261 0.005345 0.001002)
(0.03045 0.005345 0.001002)
(0.0348 0.005345 0.001002)
(0.03915 0.005345 0.001002)
(0.0435 0.005345 0.001002)
(0.04785 0.005345 0.001002)
(0.0522 0.005345 0.001002)
(0.05655 0.005345 0.001002)
(0.0609 0.005345 0.001002)
(0.06525 0.005345 0.001002)
(0.0696 0.005345 0.001002)
(0.07395 0.005345 0.001002)
(0.0783 0.005345 0.001002)
(0.08265 0.005345 0.001002)
(0.087 0.005345 0.001002)
(0.09135 0.005345 0.001002)
(0.0957 0.005345 0.001002)
(0.10005 0.005345 0.001002)
(0.1044 0.005345 0.001002)
(0.10875 0.005345 0.001002)
(0.1131 0.005345 0.001002)
(0.11745 0.005345 0.001002)
(0.1218 0.005345 0.001002)
(0.12615 0.005345 0.001002)
(0.1305 0.005345 0.001002)
(0.13485 0.005345 0.001002)
(0.1392 0.005345 0.001002)
(0.14355 0.005345 0.001002)
(0.1479 0.005345 0.001002)
(0.15225 0.005345 0.001002)
(0.1566 0.005345 0.001002)
(0.16095 0.005345 0.001002)
(0.1653 0.005345 0.001002)
(0.16965 0.005345 0.001002)
(0.174 0.005345 0.001002)
(0 0 0.001336)
(0.00435 0 0.001336)
(0.0087 0 0.001336)
(0.01305 0 0.001336)
(0.0174 0 0.001336)
(0.02175 0 0.001336)
(0.0261 0 0.001336)
(0.03045 0 0.001336)
(0.0348 0 0.001336)
(0.03915 0 0.001336)
(0.0435 0 0.001336)
(0.04785 0 0.001336)
(0.0522 0 0.001336)
(0.05655 0 0.001336)
(0.0609 0 0.001336)
(0.06525 0 0.001336)
(0.0696 0 0.001336)
(0.07395 0 0.001336)
(0.0783 0 0.001336)
(0.08265 0 0.001336)
(0.087 0 0.001336)
(0.09135 0 0.001336)
(0.0957 0 0.001336)
(0.10005 0 0.001336)
(0.1044 0 0.001336)
(0.10875 0 0.001336)
(0.1131 0 0.001336)
(0.11745 0 0.001336)
(0.1218 0 0.001336)
(0.12615 0 0.001336)
(0.1305 0 0.001336)
(0.13485 0 0.001336)
(0.1392 0 0.001336)
(0.14355 0 0.001336)
(0.1479 0 0.001336)
(0.15225 0 0.001336)
(0.1566 0 0.001336)
(0.16095 0 0.001336)
(0.1653 0 0.001336)
(0.16965 0 0.001336)
(0.174 0 0.001336)
(0 0.000668125 0.001336)
(0.00435 0.000668125 0.001336)
(0.0087 0.000668125 0.001336)
(0.01305 0.000668125 0.001336)
(0.0174 0.000668125 0.001336)
(0.02175 0.000668125 0.001336)
(0.0261 0.000668125 0.001336)
(0.03045 0.000668125 0.001336)
(0.0348 0.000668125 0.001336)
(0.03915 0.000668125 0.001336)
(0.0435 0.000668125 0.001336)
(0.04785 0.000668125 0.001336)
(0.0522 0.000668125 0.001336)
(0.05655 0.000668125 0.001336)
(0.0609 0.000668125 0.001336)
(0.06525 0.000668125 0.001336)
(0.0696 0.000668125 0.001336)
(0.07395 0.000668125 0.001336)
(0.0783 0.000668125 0.001336)
(0.08265 0.000668125 0.001336)
(0.087 0.000668125 0.001336)
(0.09135 0.000668125 0.001336)
(0.0957 0.000668125 0.001336)
(0.10005 0.000668125 0.001336)
(0.1044 0.000668125 0.001336)
(0.10875 0.000668125 0.001336)
(0.1131 0.000668125 0.001336)
(0.11745 0.000668125 0.001336)
(0.1218 0.000668125 0.001336)
(0.12615 0.000668125 0.001336)
(0.1305 0.000668125 0.001336)
(0.13485 0.000668125 0.001336)
(0.1392 0.000668125 0.001336)
(0.14355 0.000668125 0.001336)
(0.1479 0.000668125 0.001336)
(0.15225 0.000668125 0.001336)
(0.1566 0.000668125 0.001336)
(0.16095 0.000668125 0.001336)
(0.1653 0.000668125 0.001336)
(0.16965 0.000668125 0.001336)
(0.174 0.000668125 0.001336)
(0 0.00133625 0.001336)
(0.00435 0.00133625 0.001336)
(0.0087 0.00133625 0.001336)
(0.01305 0.00133625 0.001336)
(0.0174 0.00133625 0.001336)
(0.02175 0.00133625 0.001336)
(0.0261 0.00133625 0.001336)
(0.03045 0.00133625 0.001336)
(0.0348 0.00133625 0.001336)
(0.03915 0.00133625 0.001336)
(0.0435 0.00133625 0.001336)
(0.04785 0.00133625 0.001336)
(0.0522 0.00133625 0.001336)
(0.05655 0.00133625 0.001336)
(0.0609 0.00133625 0.001336)
(0.06525 0.00133625 0.001336)
(0.0696 0.00133625 0.001336)
(0.07395 0.00133625 0.001336)
(0.0783 0.00133625 0.001336)
(0.08265 0.00133625 0.001336)
(0.087 0.00133625 0.001336)
(0.09135 0.00133625 0.001336)
(0.0957 0.00133625 0.001336)
(0.10005 0.00133625 0.001336)
(0.1044 0.00133625 0.001336)
(0.10875 0.00133625 0.001336)
(0.1131 0.00133625 0.001336)
(0.11745 0.00133625 0.001336)
(0.1218 0.00133625 0.001336)
(0.12615 0.00133625 0.001336)
(0.1305 0.00133625 0.001336)
(0.13485 0.00133625 0.001336)
(0.1392 0.00133625 0.001336)
(0.14355 0.00133625 0.001336)
(0.1479 0.00133625 0.001336)
(0.15225 0.00133625 0.001336)
(0.1566 0.00133625 0.001336)
(0.16095 0.00133625 0.001336)
(0.1653 0.00133625 0.001336)
(0.16965 0.00133625 0.001336)
(0.174 0.00133625 0.001336)
(0 0.002004375 0.001336)
(0.00435 0.002004375 0.001336)
(0.0087 0.002004375 0.001336)
(0.01305 0.002004375 0.001336)
(0.0174 0.002004375 0.001336)
(0.02175 0.002004375 0.001336)
(0.0261 0.002004375 0.001336)
(0.03045 0.002004375 0.001336)
(0.0348 0.002004375 0.001336)
(0.03915 0.002004375 0.001336)
(0.0435 0.002004375 0.001336)
(0.04785 0.002004375 0.001336)
(0.0522 0.002004375 0.001336)
(0.05655 0.002004375 0.001336)
(0.0609 0.002004375 0.001336)
(0.06525 0.002004375 0.001336)
(0.0696 0.002004375 0.001336)
(0.07395 0.002004375 0.001336)
(0.0783 0.002004375 0.001336)
(0.08265 0.002004375 0.001336)
(0.087 0.002004375 0.001336)
(0.09135 0.002004375 0.001336)
(0.0957 0.002004375 0.001336)
(0.10005 0.002004375 0.001336)
(0.1044 0.002004375 0.001336)
(0.10875 0.002004375 0.001336)
(0.1131 0.002004375 0.001336)
(0.11745 0.002004375 0.001336)
(0.1218 0.002004375 0.001336)
(0.12615 0.002004375 0.001336)
(0.1305 0.002004375 0.001336)
(0.13485 0.002004375 0.001336)
(0.1392 0.002004375 0.001336)
(0.14355 0.002004375 0.001336)
(0.1479 0.002004375 0.001336)
(0.15225 0.002004375 0.001336)
(0.1566 0.002004375 0.001336)
(0.16095 0.002004375 0.001336)
(0.1653 0.002004375 0.001336)
(0.16965 0.002004375 0.001336)
(0.174 0.002004375 0.001336)
(0 0.0026725 0.001336)
(0.00435 0.0026725 0.001336)
(0.0087 0.0026725 0.001336)
(0.01305 0.0026725 0.001336)
(0.0174 0.0026725 0.001336)
(0.02175 0.0026725 0.001336)
(0.0261 0.0026725 0.001336)
(0.03045 0.0026725 0.001336)
(0.0348 0.0026725 0.001336)
(0.03915 0.0026725 0.001336)
(0.0435 0.0026725 0.001336)
(0.04785 0.0026725 0.001336)
(0.0522 0.0026725 0.001336)
(0.05655 0.0026725 0.001336)
(0.0609 0.0026725 0.001336)
(0.06525 0.0026725 0.001336)
(0.0696 0.0026725 0.001336)
(0.07395 0.0026725 0.001336)
(0.0783 0.0026725 0.001336)
(0.08265 0.0026725 0.001336)
(0.087 0.0026725 0.001336)
(0.09135 0.0026725 0.001336)
(0.0957 0.0026725 0.001336)
(0.10005 0.0026725 0.001336)
(0.1044 0.0026725 0.001336)
(0.10875 0.0026725 0.001336)
(0.1131 0.0026725 0.001336)
(0.11745 0.0026725 0.001336)
(0.1218 0.0026725 0.001336)
(0.12615 0.0026725 0.001336)
(0.1305 0.0026725 0.001336)
(0.13485 0.0026725 0.001336)
(0.1392 0.0026725 0.001336)
(0.14355 0.0026725 0.001336)
(0.1479 0.0026725 0.001336)
(0.15225 0.0026725 0.001336)
(0.1566 0.0026725 0.001336)
(0.16095 0.0026725 0.001336)
(0.1653 0.0026725 0.001336)
(0.16965 0.0026725 0.001336)
(0.174 0.0026725 0.001336)
(0 0.003340625 0.001336)
(0.00435 0.003340625 0.001336)
(0.0087 0.003340625 0.001336)
(0.01305 0.003340625 0.001336)
(0.0174 0.003340625 0.001336)
(0.02175 0.003340625 0.001336)
(0.0261 0.003340625 0.001336)
(0.03045 0.003340625 0.001336)
(0.0348 0.003340625 0.001336)
(0.03915 0.003340625 0.001336)
(0.0435 0.003340625 0.001336)
(0.04785 0.003340625 0.001336)
(0.0522 0.003340625 0.001336)
(0.05655 0.003340625 0.001336)
(0.0609 0.003340625 0.001336)
(0.06525 0.003340625 0.001336)
(0.0696 0.003340625 0.001336)
(0.07395 0.003340625 0.001336)
(0.0783 0.003340625 0.001336)
(0.08265 0.003340625 0.001336)
(0.087 0.003340625 0.001336)
(0.09135 0.003340625 0.001336)
(0.0957 0.003340625 0.001336)
(0.10005 0.003340625 0.001336)
(0.1044 0.003340625 0.001336)
(0.10875 0.003340625 0.001336)
(0.1131 0.003340625 0.001336)
(0.11745 0.003340625 0.001336)
(0.1218 0.003340625 0.001336)
(0.12615 0.003340625 0.001336)
(0.1305 0.003340625 0.001336)
(0.13485 0.003340625 0.001336)
(0.1392 0.003340625 0.001336)
(0.14355 0.003340625 0.001336)
(0.1479 0.003340625 0.001336)
(0.15225 0.003340625 0.001336)
(0.1566 0.003340625 0.001336)
(0.16095 0.003340625 0.001336)
(0.1653 0.003340625 0.001336)
(0.16965 0.003340625 0.001336)
(0.174 0.003340625 0.001336)
(0 0.00400875 0.001336)
(0.00435 0.00400875 0.001336)
(0.0087 0.00400875 0.001336)
(0.01305 0.00400875 0.001336)
(0.0174 0.00400875 0.001336)
(0.02175 0.00400875 0.001336)
(0.0261 0.00400875 0.001336)
(0.03045 0.00400875 0.001336)
(0.0348 0.00400875 0.001336)
(0.03915 0.00400875 0.001336)
(0.0435 0.00400875 0.001336)
(0.04785 0.00400875 0.001336)
(0.0522 0.00400875 0.001336)
(0.05655 0.00400875 0.001336)
(0.0609 0.00400875 0.001336)
(0.06525 0.00400875 0.001336)
(0.0696 0.00400875 0.001336)
(0.07395 0.00400875 0.001336)
(0.0783 0.00400875 0.001336)
(0.08265 0.00400875 0.001336)
(0.087 0.00400875 0.001336)
(0.09135 0.00400875 0.001336)
(0.0957 0.00400875 0.001336)
(0.10005 0.00400875 0.001336)
(0.1044 0.00400875 0.001336)
(0.10875 0.00400875 0.001336)
(0.1131 0.00400875 0.001336)
(0.11745 0.00400875 0.001336)
(0.1218 0.00400875 0.001336)
(0.12615 0.00400875 0.001336)
(0.1305 0.00400875 0.001336)
(0.13485 0.00400875 0.001336)
(0.1392 0.00400875 0.001336)
(0.14355 0.00400875 0.001336)
(0.1479 0.00400875 0.001336)
(0.15225 0.00400875 0.001336)
(0.1566 0.00400875 0.001336)
(0.16095 0.00400875 0.001336)
(0.1653 0.00400875 0.001336)
(0.16965 0.00400875 0.001336)
(0.174 0.00400875 0.001336)
(0 0.004676875 0.001336)
(0.00435 0.004676875 0.001336)
(0.0087 0.004676875 0.001336)
(0.01305 0.004676875 0.001336)
(0.0174 0.004676875 0.001336)
(0.02175 0.004676875 0.001336)
(0.0261 0.004676875 0.001336)
(0.03045 0.004676875 0.001336)
(0.0348 0.004676875 0.001336)
(0.03915 0.004676875 0.001336)
(0.0435 0.004676875 0.001336)
(0.04785 0.004676875 0.001336)
(0.0522 0.004676875 0.001336)
(0.05655 0.004676875 0.001336)
(0.0609 0.004676875 0.001336)
(0.06525 0.004676875 0.001336)
(0.0696 0.004676875 0.001336)
(0.07395 0.004676875 0.001336)
(0.0783 0.004676875 0.001336)
(0.08265 0.004676875 0.001336)
(0.087 0.004676875 0.001336)
(0.09135 0.004676875 0.001336)
(0.0957 0.004676875 0.001336)
(0.10005 0.004676875 0.001336)
(0.1044 0.004676875 0.001336)
(0.10875 0.004676875 0.001336)
(0.1131 0.004676875 0.001336)
(0.11745 0.004676875 0.001336)
(0.1218 0.004676875 0.001336)
(0.12615 0.004676875 0.001336)
(0.1305 0.004676875 0.001336)
(0.13485 0.004676875 0.001336)
(0.1392 0.004676875 0.001336)
(0.14355 0.004676875 0.001336)
(0.1479 0.004676875 0.001336)
(0.15225 0.004676875 0.001336)
(0.1566 0.004676875 0.001336)
(0.16095 0.004676875 0.001336)
(0.1653 0.004676875 0.001336)
(0.16965 0.004676875 0.001336)
(0.174 0.004676875 0.001336)
(0 0.005345 0.001336)
(0.00435 0.005345 0.001336)
(0.0087 0.005345 0.001336)
(0.01305 0.005345 0.001336)
(0.0174 0.005345 0.001336)
(0.02175 0.005345 0.001336)
(0.0261 0.005345 0.001336)
(0.03045 0.005345 0.001336)
(0.0348 0.005345 0.001336)
(0.03915 0.005345 0.001336)
(0.0435 0.005345 0.001336)
(0.04785 0.005345 0.001336)
(0.0522 0.005345 0.001336)
(0.05655 0.005345 0.001336)
(0.0609 0.005345 0.001336)
(0.06525 0.005345 0.001336)
(0.0696 0.005345 0.001336)
(0.07395 0.005345 0.001336)
(0.0783 0.005345 0.001336)
(0.08265 0.005345 0.001336)
(0.087 0.005345 0.001336)
(0.09135 0.005345 0.001336)
(0.0957 0.005345 0.001336)
(0.10005 0.005345 0.001336)
(0.1044 0.005345 0.001336)
(0.10875 0.005345 0.001336)
(0.1131 0.005345 0.001336)
(0.11745 0.005345 0.001336)
(0.1218 0.005345 0.001336)
(0.12615 0.005345 0.001336)
(0.1305 0.005345 0.001336)
(0.13485 0.005345 0.001336)
(0.1392 0.005345 0.001336)
(0.14355 0.005345 0.001336)
(0.1479 0.005345 0.001336)
(0.15225 0.005345 0.001336)
(0.1566 0.005345 0.001336)
(0.16095 0.005345 0.001336)
(0.1653 0.005345 0.001336)
(0.16965 0.005345 0.001336)
(0.174 0.005345 0.001336)
)


// ************************************************************************* //
